0.7601475192199963 0.43779820036074996 0.21807412667706547
0.845373475226511 0.5255949048183228 0.2664489098028545
0.880787502852409 0.5165519141202661 0.2562362234158854
0.868911553296311 0.5400174012346758 0.26041925863783455
0.9463790556516909 0.5790529837662509 0.26988765759902544
0.9234915860132347 0.5529931499795463 0.26533276937223277
0.9966371768170819 0.559202591600744 0.24762331973421636
0.9340865258737854 0.5694626183889131 0.2847483762827709
0.9822686518322362 0.5545872785530304 0.2597502885081272
0.9196984554419563 0.55158949215032 0.28572490410371454
0.9464376290276345 0.5663621702167119 0.26874962524933454
0.9667612730373236 0.5748198610327443 0.30727325558664
0.9925973311337891 0.5747465934753395 0.2543423419648818
0.9239695828612218 0.566280019359155 0.29084460085089814
0.9341780662538 0.60191176843373 0.30356446125290726
0.9694385718217836 0.5626644790064314 0.2604567185315091
0.9721449943021746 0.558616555278955 0.2690784249522673
1.0032217426733745 0.5584912093850715 0.2727753605625928
0.9373636374689672 0.5649693291945868 0.29192536245693634
0.9002266761389709 0.537410019351674 0.27720569892362545
0.9080179591612746 0.547644963497466 0.26272606752137273
0.9157835997234564 0.5377511307705517 0.25650432001463636
0.9232714503464019 0.5090629042820541 0.2518626235831837
0.9288886524330963 0.5477112257426436 0.28064545154571996
0.9606627741727092 0.5646601902490317 0.2687822256305073
1.0045806135914728 0.5497453813986405 0.25458858327433453
0.9097273803840963 0.5448810190152056 0.26717242338438724
0.9450988911498637 0.5166301458423768 0.2637090580030254
0.9133088803292001 0.5510937954295736 0.26190234238450183
0.9203763191265854 0.5541812130781733 0.25669071143323824
0.954234790802 0.5715071883255751 0.2663911392471927
0.9605908209627583 0.5541879521418696 0.26874430428851637
0.9512355808777055 0.5669806237870987 0.28439670053393085
1.0131628000736002 0.5689769312170361 0.27301604151728
0.9559157286990636 0.5847437492771548 0.26655860792505637
1.021840248974891 0.5876500769691034 0.28393587231637996
0.9383744105425709 0.590374440483071 0.28953109069302546
0.938428062525649 0.5801410894746146 0.2669268377260745
0.9569073078849473 0.5807881252223842 0.2635178147662637
0.9747176214782709 0.5878940069458675 0.2931334677609291
0.9806752391295145 0.5938198970637528 0.3002311455119636
0.9841295993329799 0.5590036298714006 0.24054888010026004
0.9727904572268727 0.58677378359708 0.2897290538657836
0.978507780161709 0.5923976574079532 0.26005655418743634
0.9948781322348637 0.5804567869982936 0.27918421290137274
0.8963315768677346 0.5686554370007769 0.2524032589522309
0.9666586591980527 0.5856555108807348 0.2754870065775909
0.9939826081015675 0.5884584566327612 0.25153167301960183
0.9625806462766799 0.5820639520368857 0.2816177956624455
1.0066172551024437 0.5743721914751838 0.2662065862525437
0.9376667672937782 0.579683467995041 0.2619697484103109
0.989135628071689 0.5585262769433555 0.2929365033453181
0.9307716777109128 0.5606975263113417 0.2557749404690327
0.9236127396063545 0.5449295106340566 0.25954176425936
0.9554214805904782 0.5587767672349022 0.2654741626435818
0.9731311430712127 0.5469097521928165 0.25690084327352364
0.9451194251667564 0.5679403621906536 0.26921141310172547
0.9686716036362654 0.5892595859495044 0.2469162408872254
0.9352039525727273 0.5598446246575305 0.2693036521564964
1.019102304306849 0.5731863528760941 0.27495799584822544
0.9523004502600383 0.5522074700133346 0.2576207763498382
0.8847912674598819 0.5461782103993634 0.23320713747632366
0.9196037231792236 0.5479972677257874 0.2732014009085709
0.9538454529372709 0.5516842039823515 0.25127597667954726
0.9129030008750746 0.5349322530356305 0.2511581817540291
0.8928341359441981 0.5560600473420163 0.25659463210540545
0.9517574912852382 0.5532251455540034 0.23740278254855637
0.9482964174314255 0.544324396209284 0.2454504647038327
0.9453227664123963 0.5469039765515149 0.21067415204915094
0.9618910599840163 0.5557529640956361 0.2559420199827545
0.9684502348031708 0.5849872938990572 0.2382701766491
0.9606882892955237 0.5691276482072781 0.27921957471154724
0.9596677823500546 0.5732518315857107 0.23506259517237454
0.9642406930705126 0.5805400786968717 0.25645735068754544
0.9527246496894073 0.5696344137381473 0.2654972620444145
0.9262381161340963 0.5638232013908283 0.2657273980704309
0.9611726346882291 0.5446353587752034 0.24581974105401452
0.8949627514319947 0.5690119503871967 0.23975777745246002
0.9434107702428618 0.550599291793324 0.2576092828403763
0.9117767650431183 0.566568588893523 0.26676865718579273
0.8840730514309927 0.5448017868182871 0.2730991917306619
1.0137929987908 0.5444808412681941 0.2827909335223109
0.9762547424707891 0.576616101427518 0.2612153145399909
1.01727999210334 0.5945488206852563 0.3112095470861945
0.8567198956011 0.5473002692948657 0.28470129479060363
0.959001608761891 0.5586231844154362 0.2752772264046855
0.9110578673535619 0.5529869867888355 0.27120001912116
0.9589058903130692 0.5394406807043292 0.2564402126182236
0.9701088101211581 0.5613835230144575 0.2540641381523727
0.9376481324975782 0.55266258623654 0.25952475905418
0.9503234065664564 0.5357033840119855 0.2576749808138182
0.9231764245033199 0.5503457032008624 0.26806030869486
0.9202764245597909 0.5560585878762343 0.25178837656974
0.9469434008814271 0.5432656314643907 0.26164857983587997
0.953372608097971 0.5328689477416515 0.23829036983576907
0.9353180692413672 0.525512437118725 0.24267142631790728
1.0034607030046163 0.5463520703342877 0.2317759626561818
0.963457676497349 0.5157579943510595 0.22350941137831457
0.9224468553066 0.5399295420944634 0.23783188581468
0.9237015095623491 0.5512123791575421 0.25024049758912
0.9676086078991636 0.5582672314752296 0.26410375822674365
0.9481748009811163 0.5723655647364515 0.2891070870919655
0.8650304826822909 0.5492559189525559 0.24617604060608542
0.9408705035125491 0.5470234557905058 0.2770427849076127
0.9319435100122453 0.5423042366044099 0.2684221352230364
0.9409833549369037 0.5372917059876702 0.2655640516497672
0.9582466718283509 0.5873201323476664 0.2808914015510073
0.9366526558183127 0.5947347059574997 0.2875850262425127
0.9723772750118073 0.5827254542274956 0.2658045751398382
0.9398426411367673 0.5688134972561417 0.2574960629506454
0.9581915884668218 0.5930339912040722 0.25811128594658717
0.8634184977142109 0.5752763868760025 0.29979760094122543
0.9684171599691581 0.5688118886758022 0.2739539547400146
0.9540715610982 0.5735988793264787 0.27764220421965813
0.9954682228781273 0.5823355255289492 0.2970989648862255
1.0096102547646 0.6031311792568779 0.27867637374182724
0.9838892584497818 0.5698157485858983 0.2712068182771782
0.9395635393532691 0.5816431016488492 0.26051079533317273
0.9491123106263327 0.5876448210396561 0.2738711391795836
0.9444441968743382 0.5951872204569219 0.2854527612165946
0.946720884171469 0.6069777587760651 0.3593128188089746
1.0200281633028365 0.5909083084680736 0.3076134003292564
0.928332525816869 0.5822429772669647 0.2844499300826636
0.9596645162320673 0.56834211783517 0.27643058213320904
0.9874750361660272 0.5930645079910747 0.2668300355564363
0.9419017543575527 0.60708491761576 0.30361867677081633
1.001292741623709 0.608685304091737 0.32798228003760727
0.9826597802206054 0.6268239168768563 0.30963898019355457
0.9884416233409237 0.6319367871257368 0.32687284263696914
1.0017011783339274 0.6359887866811331 0.32768338409337094
1.0474795518135271 0.6334223955490342 0.32034969449041995
0.993359546986629 0.628435617883098 0.2878184960105073
1.0291066158901763 0.61814232274348 0.2981391297687236
0.9971066286348726 0.6333333448280007 0.3106208900971654
1.0646111756020218 0.6287302574840452 0.28349952546033086
0.9659147851033454 0.6039046812897353 0.32503313931552913
1.0459447168221438 0.6203802925592126 0.33268458062952183
0.9722398902070564 0.6104597921344412 0.28226548021489817
1.0179469549655997 0.6342011106068476 0.3411894255334618
1.0095084631442401 0.6258694544515793 0.31463214462451816
0.9768838376348781 0.6106722622459599 0.3089408879930418
1.025327426737142 0.6298631380850714 0.2847543105212309
1.0159041095865764 0.6532563689865873 0.3214219526811054
0.9708641098845436 0.6106491467736026 0.31600658275862725
0.9465449174966709 0.5826940977221128 0.29512780091979274
0.9986435500057091 0.6082330232587728 0.33247334610331636
1.0169051872599237 0.5961896745427078 0.2813145885684073
0.9233350874076764 0.6017491172660503 0.3115204995328618
0.9329249958559254 0.6026212613880724 0.26530828638512544
0.9927084792745363 0.5889232581908065 0.28121881918471453
0.9391191469538237 0.6092458742748591 0.3325922898812855
0.9690261139652125 0.5929292388314575 0.2758022078600709
0.9224973245099746 0.5834435536807269 0.2802419349280309
0.9912533995239909 0.5769180951633254 0.27472588170660367
0.9934811134772344 0.5824339539435797 0.29318840536204915
0.960484458533149 0.5615151205252477 0.28267166462811094
0.969698109951989 0.5728953562270565 0.2649793555519727
0.9188059284470927 0.5468847477219311 0.25200935732233637
1.061286824399638 0.5849559153264141 0.25435604258018546
0.9827835511077637 0.5832993426052018 0.29561061544852546
0.9765925856072547 0.5760850325443575 0.2826851037415691
0.9765719654344327 0.5912504457966876 0.2696136985041673
1.050328259359644 0.6073554248755549 0.2765009148554345
1.0230391546810909 0.6166894258639999 0.33338378743689456
0.9841993473878435 0.6271521957137444 0.2999529246850454
1.0451081678000909 0.6237628316960554 0.29332098549061814
0.9002631707623145 0.5998655197809997 0.26886756669389633
0.9833810525590018 0.6471160824894979 0.3444707583297236
0.9636941021137219 0.6170692173459227 0.31702223322609274
1.0158085512030837 0.6052970950955712 0.28562223250216173
0.9424903264913091 0.6124422655539147 0.2925885876742309
0.9826075409758437 0.5926652146415304 0.2778888107429963
0.9203130249543854 0.5769362814859891 0.2976389403776746
1.0551270492511144 0.608211162978947 0.2921933943574982
1.000763789090291 0.5928093650828721 0.3051280826872182
1.0053225939924217 0.5969317998859025 0.2900114383480927
0.9884422551502837 0.5757752449349933 0.2707156896591
0.9791306986592527 0.5635712757056419 0.26435911135239454
1.0159772297470508 0.5970662145126941 0.29210182287476727
0.9784872173176836 0.5879719062339086 0.2678947695818909
0.9004825503176981 0.5743080197410165 0.2609422682631836
0.9760292776064944 0.5805158597122583 0.2960117556831927
0.9235941903157455 0.5540353286781126 0.28280612837185637
1.0506157748264253 0.5857266811592974 0.29564633401958906
0.9505961568788746 0.5538727406480117 0.2466215470704091
0.9487947989593565 0.5777980392195958 0.2897954220121582
0.9913602508197764 0.5662082697478241 0.26470443768936547
0.9446314330534946 0.589529313908383 0.28696572975677453
1.0640490619702856 0.5940568828826638 0.28186785080214727
0.9643954110145401 0.5945633186020638 0.2964394921606182
1.0167339310863275 0.6053502976244203 0.2823514029112909
0.9613435618445456 0.580189872021029 0.27851295742120913
1.013964366045849 0.6052972670874799 0.31362941503526
0.993483745726531 0.5856589054194307 0.2915376470305673
0.9850703854994546 0.6169377160099319 0.32575619795106725
0.9962169044667618 0.6052663425180009 0.2741616352037945
1.0068211280217636 0.6146087565855541 0.3082129730961527
1.0007038272509763 0.5867606552839265 0.2748588809100109
1.045639435919691 0.607560762001706 0.28981798908927275
1.0340883828296366 0.5936413120600408 0.30974592544816726
0.9902539673718491 0.5878455676328008 0.29767563809046366
1.0540302072871637 0.6099086333865439 0.3054482840407836
1.0445897970417273 0.6132348520132572 0.2928969520871981
0.9692738789861182 0.6153449213233895 0.2939585263078982
1.0220241246439872 0.6136163198947855 0.2887287772785564
1.0444066987255671 0.6277265157591309 0.3042970628087782
1.0510899057170127 0.6231918500716015 0.2884485647895073
1.0192551677877817 0.6195652022253363 0.27601484407078364
0.9691038022259673 0.5879111510975799 0.29243548371574724
0.9544953439452672 0.5807228570255376 0.27577866315842003
0.9090716170180437 0.5906383733993203 0.3123333451964473
1.0185048303822073 0.5938798623437254 0.25953615968877825
1.0689034559509927 0.6013159598084993 0.26239581855858907
0.9854807512327055 0.5883013209483854 0.26531847281888543
1.0514917417005745 0.6007486783564087 0.32439229455861096
1.0167258755726256 0.6040460628027186 0.2907112218032964
0.9945385316284892 0.6172334718352029 0.2869489195130327
0.9912563074719364 0.5957550145035452 0.2600183195417582
0.9499084496496 0.5711295892514912 0.2837309524145909
1.0367200566420363 0.5878402126323077 0.26325515660372906
1.0377553682977818 0.6025330268957386 0.2540039961988218
1.0356401966917637 0.6085196596980138 0.2944195154580291
0.9884084026380654 0.5831821998601563 0.25975641413166545
1.0156954429367273 0.5911815168965997 0.2862801136753927
0.9203062394531891 0.5606069908114957 0.27688268596476184
0.9884873370691455 0.5407056182677111 0.24854329618538912
0.9230450587923018 0.5646061135395015 0.30826998829841995
1.0133567858826165 0.5615021283653678 0.2528474106571727
0.9282852341911727 0.5565752001269287 0.27933903347363637
0.9158605070549146 0.5243743009052542 0.2693936662240454
0.9444321484997544 0.583301926366308 0.27969133019446
0.9130315054545564 0.5776803757060637 0.264711561203
0.9721718411012453 0.6221948672776864 0.30252677505667813
0.958561462489049 0.593490588505168 0.27681511391294367
1.0073449273540545 0.5849847419153498 0.27331312472170183
0.9790471845322418 0.585344314461405 0.2761793230880436
0.9708892515573291 0.5978067719638395 0.28871197050269815
0.9775344519181454 0.5914470143128477 0.27627102743493637
0.963502140912191 0.5837329675880314 0.2779389203678364
0.9859395721825092 0.6093246874131917 0.29867061138151996
0.8736646254496344 0.5925834035250265 0.2968518754568909
0.9616054558755 0.5927502535825426 0.2777930643341727
0.968461895314169 0.6180857679410444 0.32821778806772905
0.9847035775401674 0.6084631011377666 0.2932632926377491
0.9763712974025746 0.5974836948893222 0.2968304314396527
0.9617539124055454 0.6089107026674628 0.28879784627392546
1.0435280404306873 0.6094229757596176 0.2679072047363563
1.0960830196466909 0.6066608214920253 0.2929861548813891
1.0253876213594055 0.6178443651090935 0.32004019011150364
1.0574503868275817 0.6227282810942681 0.30636021039703276
1.0371540625528546 0.5942164389626636 0.2907887036150182
0.9900728266891818 0.6023953267959108 0.2966063188422636
1.0098331408067653 0.6141611686701103 0.3045462247458509
0.9757093701579272 0.5657147155322843 0.28110891255466913
0.9734418631683164 0.6106328850280209 0.2952979679541346
0.9867801105977201 0.5971699476865221 0.27562147216363453
1.0295962495156181 0.6221806503182218 0.2909637598558054
1.0635531114448837 0.6004311574887118 0.2923611644181291
0.9937042935328746 0.5864077969789543 0.30156703808092733
1.0103921145741381 0.5894681209921783 0.26788848205048543
0.9401229691505399 0.5953339871655878 0.27554052732207274
0.9127056677775345 0.5676750786494169 0.2553123403679364
0.9980004460161782 0.5831366450353065 0.26106208205224
1.0111387076160727 0.6017069673186011 0.29370132207872
1.0070789880103184 0.6105395748994661 0.28781618410888177
1.0476415936513852 0.5950957494513571 0.26020739912985996
0.8963203642585074 0.5793159938698527 0.26444801937451634
1.0010335240579273 0.5896298790601064 0.2859366529638218
0.9948328152569491 0.6150966718007232 0.2921770695122891
0.9433330824158727 0.589449964582922 0.2793375305696054
0.9761966346609438 0.607937425534833 0.26962513240900904
1.0185162426125562 0.612842326489367 0.2857706359299691
0.8654891223258382 0.5563884218660299 0.27779860930009453
0.9095321824333326 0.5460593939965452 0.26145650982856
1.0488408755172236 0.5708707801455803 0.2618346706303691
1.0171716667302362 0.5898418998284737 0.2903719367764327
0.9341513610968564 0.5585925831008993 0.2590517935969473
0.8981625413896002 0.5623556140688385 0.2640324991399418
0.9642307030069237 0.5671406763385554 0.2645233859799127
1.0155281539395744 0.546657642161301 0.26581628734414176
0.9557248750598291 0.5754181159843081 0.2632558786869
0.9155437660216199 0.5681571727259542 0.2867486717484127
0.9532542508297418 0.566908981423479 0.23465148243038908
1.0077917876025126 0.5965395061671689 0.26356151342394
0.9237463495948273 0.5912291383716166 0.2751631780104145
1.0106472961469255 0.5957634693438407 0.28121661988173086
1.0394391673260617 0.591428697976197 0.2724941943992236
0.9777479256282963 0.5828218453472279 0.3061682910268982
0.9631806217541037 0.5727511430436916 0.264821306141951
0.945843719894178 0.5599691369723182 0.27763066302645634
0.9365895347162454 0.5533689194023668 0.28009630289947085
0.8926425389809853 0.569468536320057 0.2582227006825691
0.9678522818739819 0.5800604885437357 0.29032077908514
0.9853676258435037 0.5810617139420787 0.26377704902128546
1.0070381490750855 0.585149330989876 0.28958708242937453
1.0009182682905091 0.5733906063681364 0.27713138211856364
0.9799543671173453 0.5672807432413047 0.28231149077416
0.9156758472053109 0.5551624346673502 0.2549422406066436
0.9655834213169291 0.5630922345844167 0.25832142298873817
1.0150231324543035 0.5766179411600987 0.26193400263787997
0.9745792380245891 0.5775113236877023 0.2662626971981527
0.9758757217363947 0.5690309787582201 0.2855283253843218
0.9828479110112237 0.5788031651296416 0.2567104337432273
0.953600153597851 0.5681753274337784 0.30159806316549814
0.9353407599708727 0.5490645069425781 0.2804456516829309
1.0166209376940363 0.5795578968118493 0.2887274353070654
0.9678005019102691 0.5753347641040022 0.30477614532819636
0.9987428891658 0.57754335011136 0.25677484252236726
1.0113953567633764 0.5652393916195048 0.27602649937979634
0.9859042608736601 0.5533436612622228 0.24435747905210548
0.9869527302004272 0.5715658070959838 0.316547151804
0.9899693778426091 0.5745119255835314 0.2827070766145418
0.89770371556284 0.5636107779822573 0.26860195994374003
0.9746906874397272 0.5801008752584473 0.27419206250796363
0.9960823049328529 0.5858857096785858 0.2710948442329436
0.9945888136734837 0.5649242282834972 0.25554974740201813
0.9794748926163 0.5734281089197456 0.26356007521801816
0.9750282351538255 0.57626970837875 0.2536631130088637
0.9710116879506254 0.5863620620099006 0.25908241423692907
0.9528037163344509 0.5786284244629486 0.2884973086010364
0.9829205570438073 0.5669704367816455 0.25778621164235094
0.9256785880434837 0.5546413926400909 0.2694527540423473
0.9777148724686164 0.5433275986909917 0.23433573603627997
0.8867318816619345 0.5335713503198187 0.22921242811462728
0.8464451031251254 0.5386189642982078 0.27222534591502184
0.9290367447246037 0.5492112883302266 0.2550865774805018
0.9416724293882819 0.5526006834696646 0.2719097058339454
1.0051084638727164 0.5607939025272082 0.2735915806076727
0.9285971739075126 0.5556739928424319 0.26541953845458544
0.8926538461990381 0.5549355829385249 0.26557882590726545
1.0028738851980148 0.5685404684868677 0.26040667360477815
0.9452116409213291 0.5455679823376901 0.2591822749918182
0.9826462053169237 0.5553579444587217 0.27364909312943275
0.8889142376727381 0.5468127553733928 0.26565502871166363
0.9065181155637745 0.5371385654942563 0.2411965339834218
0.9408941061931545 0.5488716494766213 0.2587278602340273
0.9214341331610963 0.5610246737274223 0.2609683086655127
0.8719608244029109 0.5527225357402472 0.25515942551870724
0.973886646899331 0.566880583600568 0.2698037300326672
0.997080835970951 0.5697741594558465 0.2562148134274854
1.0128869910673544 0.5841336034888572 0.2599318009073218
0.9693593774058673 0.5883285280926663 0.2682510290362673
0.9651195784047145 0.5676111581433895 0.2728814056786691
0.9311668702688107 0.5795874994803618 0.2869589441472818
0.9547215689311963 0.577324737600299 0.2815073917128873
0.9601579300922655 0.5918576586002637 0.33164027994329814
0.9465169931541965 0.5735713741481295 0.26631915645165455
0.963450885360882 0.5541273672336849 0.27808568911117454
0.94285829544058 0.5761088975180285 0.2856960196928545
0.9578100233729419 0.5774439763318394 0.2483257656747618
1.0402624802154055 0.5767615017294889 0.26765229355203635
0.9303359023006891 0.5803072604347391 0.2641529508070546
0.9907918479226726 0.5796382111961185 0.2994956692782309
0.9242979877645219 0.5708455144979733 0.2760570960695018
0.8925552225112 0.559237610245289 0.2731976636973309
0.9315040985020492 0.5489208815016521 0.25582586245103456
1.0107966587759272 0.5846889036379084 0.292040713700391
0.9611560365287308 0.5779528092389788 0.2528071724285036
0.9602062462676836 0.577611344253476 0.2979649625041273
0.8950766422531927 0.5338077594041803 0.2576843506639582
0.9410246236760547 0.5341459011869041 0.25428292296149274
0.9452671777117437 0.5320758892080993 0.2627981158820109
0.9405304354971582 0.5696509727700204 0.27605571497570364
0.948241852847049 0.5503800013255004 0.25072415861216907
0.9578271020541964 0.5454315312450541 0.25579022743484725
0.9658417194539218 0.5805201279629333 0.2633775275403818
0.9284464411301654 0.5921207430552391 0.28822706450114366
0.9610468873110708 0.5756785952259231 0.27533736066385456
0.9435842274534236 0.5696825365640822 0.27950001283124537
0.9526682679220254 0.5725748729434911 0.2550902747024236
0.9163421466133526 0.5705082171938636 0.28757316838611635
0.97672917842856 0.5759021950120288 0.28943755139006366
0.8918111679770073 0.5756815402480652 0.28385445573110724
1.0000437720254545 0.5676279178884893 0.2720295208150418
0.9077866326680036 0.5604678005955446 0.27133162444287817
0.9776677232438218 0.58521535848488 0.2986004356904454
0.9927861148661983 0.5788045211894919 0.2619099053469309
0.9331948500328618 0.5685414091700819 0.25997371998701085
0.9592642228168854 0.561255290703335 0.29426337263799274
0.9003998032483291 0.5607120379751419 0.2767534188790654
1.0043099101023745 0.5931464751823357 0.2914278144186182
0.9926117043062256 0.5926525202203894 0.25511287082322365
0.8830427494916891 0.5654722515155012 0.28040125976911634
0.9067873199419545 0.5574081453166185 0.28697664163329273
1.0359531148998908 0.5622102135094807 0.2825420321117763
0.9873172276671418 0.5680475207594324 0.2808332351120891
0.9718707008794745 0.5766114061420643 0.28324655489487455
0.9528959138827545 0.5746287220852 0.27373766303061997
0.9461527584899636 0.5720211946774639 0.2916730883988291
1.0321989537370364 0.5793183281286233 0.2663815872235654
0.9471983050215635 0.609413414898235 0.2797676700895382
1.033468385393178 0.6322383318976967 0.32003075133669634
1.0189890454031871 0.631068600906559 0.31862864635209276
0.9728456005184508 0.606930759313433 0.2858353651653764
0.9886024077372746 0.609724787113345 0.2995276719873582
0.9447458602080763 0.5875375142422541 0.2859419833530236
0.9887424277175636 0.6034558280489675 0.2668562454526982
0.9971585617282273 0.5828017804866485 0.29097981994801814
1.0136611445382546 0.60223490337891 0.2836092550104382
0.9471476990525781 0.5724668910422063 0.23614924918523633
0.9693472168663873 0.5805851803530421 0.2687022251432782
0.9572992953386908 0.6007246046120389 0.2964795499498418
1.0476964622193818 0.6150430890105028 0.2700144282254291
0.9778336936776382 0.5989917692677574 0.3167180714823873
1.0124074679070818 0.5957878460423472 0.31006780071692547
1.0045172304456782 0.5811435257440237 0.29158665992996724
0.9792388583313965 0.6042634461115738 0.30452656204048184
0.9918334339965236 0.6142885085344338 0.2933609786900491
0.9388765806502383 0.599510963212359 0.3020683531327455
1.0495752264152964 0.6252420983477054 0.2863561802560418
0.9705720043181401 0.5957048516246374 0.28000628449700726
1.009952339801171 0.6199163589558865 0.30010149186307816
0.9504498150130928 0.6115977335680601 0.3175988417322018
1.0135261686281545 0.6267585828358467 0.2958532976020436
0.9632018630071654 0.6236676008972237 0.28381812334059997
1.0485617431728909 0.6233508740040441 0.29659261237493634
1.0365220237862363 0.6137127364684222 0.3106813896785964
0.9922936553305982 0.6139956633692429 0.30494748148048906
0.983466031876369 0.5935857471606942 0.28356042265892
0.9568368271265492 0.5982674680081288 0.2837144794247327
0.9964252312616546 0.6034573413810951 0.2874151505123564
1.0249233139643563 0.6018000952222036 0.29104438543318
1.0004504497484343 0.6174169452948967 0.2842543928189654
1.0059921367601343 0.5987193714028 0.28260081768036
1.025921495827751 0.6175292233364104 0.32303977435285824
0.9867997530371092 0.610036211030043 0.2818723493272618
0.9911846042762764 0.608363412074069 0.29159210692753634
0.9088299136812618 0.5879874255305001 0.2609794708815309
0.9969324140115454 0.6129683248509045 0.29983088504183636
1.0174860992215327 0.5849471615959329 0.27156858953562907
0.9807596764779273 0.5688434135886679 0.27491459770636545
0.9662469004501636 0.5571667229099724 0.2542573968930655
0.9152120236915653 0.5667325374402665 0.28208658120847274
0.8955014411969655 0.5640596711554349 0.2717186152935
0.9774778927455164 0.5808072701611328 0.2650301336158436
0.9696361335841708 0.5960786132622906 0.25680343909696546
1.0220854153414727 0.6009513837288641 0.3053745231845273
0.9977417224105818 0.6117388279465185 0.27478309024464365
1.0061575339060072 0.5917803146486977 0.2604918248003182
1.0025741736455456 0.5919050968912508 0.3012588854269345
1.0021232922511345 0.5937924470982819 0.28173579931257997
0.9223558137632673 0.6013465685275494 0.32219226609577634
0.9954112789847673 0.611805256271902 0.28767600081183275
0.9846169478242981 0.5753316938877039 0.3044947067174091
0.9363441322066874 0.5772820021157906 0.28601564277302366
0.9738745201719163 0.5655857612003046 0.2705366900834091
0.96887215733516 0.5829505163566588 0.2974015869877328
0.9443155467509801 0.5856730944649742 0.2872781636498127
0.9404002759671671 0.5848626104891327 0.2713192028348982
0.9682024267586691 0.5792524017312279 0.2871197038347018
0.9589750541340363 0.6028176197057428 0.2637985543771254
0.9760068892349636 0.5850908970182678 0.27799125411292724
1.0541915280170182 0.6216512498692967 0.3122600357098855
1.0043335502797617 0.6066860592554931 0.2966724084724236
1.016505198803829 0.6242754821641936 0.2767286624691727
0.9782106764748546 0.5949608307101506 0.2613403489373128
0.9861671757700201 0.6044713182584895 0.2780868445743236
1.0478573392736437 0.6196679008169547 0.31500962354920725
0.99142466425902 0.6057113507037828 0.29381962028417086
0.9842239634555255 0.5952338389754205 0.27134915503588913
0.9421390271185999 0.6021902035095422 0.29745709256691455
0.9407609393379927 0.5681220897354874 0.2698662204092182
1.0408216656337563 0.608951032438052 0.25583847739478727
0.951189914616511 0.5854738356552263 0.2844267012856327
0.9747191609034364 0.5645774887177116 0.26716095458377637
0.9421719076416128 0.6004639281115733 0.27416005394677273
1.0103996719011765 0.598815221098328 0.2925879362496291
0.9881984880838491 0.5899099764254966 0.2768830044702945
0.9416426209970454 0.5929817535362547 0.28738470185886367
0.9691007194734272 0.5807769827463346 0.2754547264359327
0.9686000696093892 0.6005720649144821 0.2852714114839618
1.0170080759308726 0.6105496146272525 0.2884207915176036
0.9743806784804019 0.6072347143238189 0.2918955005298963
0.9561532863702509 0.608779231201527 0.2882865576310655
0.9385186861862638 0.5859292522424984 0.29860508994621454
1.0026636252619672 0.5873235157023804 0.2745785509456236
1.0125998569616363 0.5933741887076234 0.26811360630122905
0.9902217863907637 0.6347704165767591 0.29085377823223635
1.057827742425049 0.6035461508983948 0.2822277802770782
0.9872794185986036 0.5853194619742265 0.2749963573976054
0.9426041219451473 0.575989607737821 0.25539849378846724
1.0598052514682361 0.5963044657680117 0.27999156637626543
1.0030343056807165 0.5976871625753926 0.30929187850517453
0.9902755510807799 0.6073677791628033 0.2788660663908182
1.0041681633212272 0.6085283815996289 0.3105737232078236
0.9145207147165054 0.5696500246687334 0.3048984226313309
0.9772932962938056 0.5563042156804705 0.2757719679312346
0.9936965848098964 0.5738734894963826 0.25304156260057453
0.9301728662576709 0.5647837998298064 0.25841184919529814
0.9715599255129254 0.5846964461938962 0.2964037999240109
1.0592015850546 0.5855970121649182 0.2555642040209346
1.0253795575011637 0.5892234152447084 0.2839841180497818
1.0136871241437437 0.6215017947364881 0.28103474389421634
0.9911768435347638 0.6002929242253334 0.3065707280418927
1.0349303139339763 0.6090614324862311 0.2774381791461836
0.9861882550067183 0.5903553336398167 0.2991936593706018
0.9622624464468945 0.5958074820989926 0.2809391397779782
1.01236610174186 0.6032825850194119 0.27425845102829455
1.0047040664066238 0.5840724398087442 0.25519471060147636
1.0104033700986654 0.5891660333357087 0.2956842094117618
0.8993417436425382 0.5732444986023669 0.2981049686128418
1.0027065592460618 0.5919492098418132 0.29689153638751087
1.0030093656886636 0.5706732665219107 0.28886276255955634
0.9479379419847055 0.5884204932884721 0.30327042557974726
0.9692095292696562 0.5807476896020473 0.2888305206732146
1.0061158128218146 0.6016661007323071 0.26931704792108907
0.9894042710823454 0.5955770550288922 0.2685303338007546
0.9358161803809508 0.5736550614264937 0.2603805709968963
0.9698946769672945 0.5837822900414551 0.24684055664324728
0.9863016851380546 0.5767974148013316 0.27886755899951454
0.9601342297684162 0.5712614884837102 0.27582414670424543
0.9054239603605309 0.5627271259481192 0.28240562103009276
0.9380457775159654 0.5652625372436949 0.27207838296889997
0.9315255225789963 0.5611868760558731 0.2865773577039782
0.9779586642438218 0.5720069326947974 0.2568753052841364
0.8999700742417819 0.5624065415561257 0.2892425991188364
0.9504211106085527 0.582706027521326 0.28021687962790726
0.9924193529648655 0.5916314238255633 0.2759317075122236
1.0271460859343455 0.5961098869524278 0.28176058975131085
0.9816763283988926 0.5859072344736602 0.2968306868726618
1.055024137497 0.5965427745526456 0.28324130535126
0.9351022453741745 0.585258749978107 0.26105400562285996
0.9499168844656746 0.5892543860728078 0.29219626730137815
0.9175220414724908 0.5643921326371748 0.26481775717301453
0.9511218509893273 0.5759444520690301 0.26497681130060363
0.9869270857896109 0.5914591666134867 0.28354437372903274
0.9143311317399345 0.5456528896716467 0.28048132246189816
0.9751911927353965 0.5837901564213364 0.2711330864646273
0.98533137202266 0.5785508199740524 0.2810027260129982
0.9958427881112236 0.5957420834573859 0.2897853087295236
1.0205506027828364 0.5862675965590891 0.2501722043210818
1.0412179446221401 0.5879292397309455 0.2838163879784691
0.9588335070824872 0.5877288715947739 0.2885863970626436
0.9833153207736345 0.6082350068769715 0.3063251415166091
0.9712188344653618 0.5813063296621522 0.2790632308613364
1.0198038792611002 0.6069302260821535 0.30594658223065097
1.0258804429661164 0.6007266645756688 0.28460362315178
0.9194233205102128 0.5789084598963848 0.29063194502484363
1.0156136279755816 0.5966724835200771 0.28692984429273094
0.9484606843643218 0.5999778528023814 0.30003941850229454
1.0025384784828364 0.6060578394207049 0.2991570254889309
0.9504237879407563 0.5937334458367468 0.2824733871763382
0.9561837664515691 0.5843398491279577 0.27146373987196004
1.0314230600271093 0.5792649068263485 0.25266998041758365
0.9258684368567145 0.588083341159602 0.29010529713201455
0.9999022851207272 0.5993113679696275 0.30122711539267993
0.9771216946299219 0.5907009350955538 0.2875895775448164
0.9592577937516491 0.5866355694722097 0.2855829587849691
0.9517749715934365 0.5992045960345067 0.3093815936825327
0.9303477533297546 0.6003233494406449 0.3101781808246436
0.9589640963077601 0.6023785917948584 0.2873492320017146
0.9357456816327163 0.5770100055336943 0.2897903189875873
1.0577402512592655 0.6110228778936603 0.3020579282804055
1.0239175746659273 0.6056323846578637 0.25607089031826363
0.9961687260323417 0.6008918543999793 0.27642037196592545
0.9575376548550729 0.6031851378706417 0.30009103970093454
0.976215032014051 0.583026651794265 0.3066380718621091
0.9966478690233309 0.5740931265923167 0.2656119294600145
0.9464929294585801 0.5887413518455916 0.2914215014197873
0.9675133488395872 0.5958543354435393 0.30516151666642
1.0223290595140109 0.6132302926670357 0.28701800129629274
0.969327609213811 0.5773959403173441 0.29989716876636363
0.9957674132693037 0.5842640163844313 0.27631475340235634
0.926533293182198 0.5801612711602988 0.27753678657790726
0.9477840502695345 0.5802246849943239 0.2872871588577036
0.9941045150973673 0.5954857499653634 0.28051553888754543
0.9438160640543183 0.5811965067359535 0.29071341341191814
0.9846093614536544 0.6063217137076699 0.29489619851113996
0.9348076208072544 0.5732095022391263 0.2552811134945164
0.9365610454300273 0.5686318359889787 0.27093511733142905
0.9399461302973473 0.5389834360859563 0.26027572902764906
0.9596035996350892 0.5598732466778961 0.2787071356990073
0.8926683567870237 0.527129242994566 0.27715376799755814
0.9260210715640035 0.5276446883001151 0.26314063484020184
0.8968014602228654 0.5533646257086268 0.28701195055788176
0.9864793293043455 0.5666898410184843 0.2680375907638073
0.9550840047272091 0.6005256424491988 0.30192889105189635
0.9182342633334508 0.5679447679655126 0.2940736740285618
0.9734901041334181 0.5797889476472651 0.32183029727503454
0.9978729887442546 0.5809577198489191 0.3036462209441473
1.0474882454222183 0.5902274552881775 0.28124877398665815
1.0045970996943108 0.5861473707936031 0.2531401878053418
0.9207670021056 0.5832440647591234 0.3024791833487509
0.9613612332127326 0.58111870718815 0.28607373345980364
1.0916017712244763 0.5946218719401122 0.2931898469274582
0.9599336662075526 0.5814390604523075 0.2927382693507673
0.9362105884335128 0.5851609683822478 0.28745465473693455
0.9984364493326346 0.5793033719387899 0.29689553585919093
0.9370866124195254 0.5715594771829481 0.26390765807845273
0.9743654670498728 0.5958368529000065 0.3061868962374509
1.0740739216588726 0.6028752946176327 0.29646420923147093
1.0006755130941618 0.6086631016677067 0.3138108081167582
0.9396211978522709 0.6109797971980178 0.2787471304156473
0.9700765262951435 0.6154408471313376 0.30648429447954184
0.9503594823317145 0.5911236971914798 0.30453081564469453
1.0444875759427181 0.624787686464463 0.3064572527191728
1.0074713410031164 0.5898401314914246 0.2751420694047818
0.980428480560098 0.5918365050527187 0.2995155705105163
0.9252773938394272 0.5777363302951498 0.26887432499364544
1.037873491590482 0.5953863155895998 0.28979678695853817
0.9873187336055909 0.5509347055987874 0.2563017987121236
0.9420880229907347 0.5379224813553454 0.25695834311572907
0.9010727430473564 0.5657227313979094 0.27655140930956185
1.0129160670801656 0.5899048048257819 0.25950436906383456
0.9671779100460055 0.5910801136900099 0.2789442301880164
1.0414424345708273 0.6104165575097844 0.3005891957066128
0.9070725060593363 0.5730942579480723 0.2521331179142
