-435.375 0 0.0 44.75 2.0 0.0526679456234
-429.75 0 0.0 46.125 2.0 0.0280668735504
-425.875 0 0.0 44.25 2.0 0.046437472105
-418.5 0 0.0 43.625 2.0 0.0440482795238
-417.25 0 0.0 40.25 1.625 0.0845756530762
-393.0 0 0.0 41.5 1.875 0.0732222497463
-435.375 0 0.0 44.5 2.0 0.0549013614655
-423.625 0 0.0 45.0 2.0 0.0308998227119
-353.375 0 0.0 44.875 1.625 0.0692985057831
-445.75 0 0.0 48.0 2.0 0.0203705132008
-425.75 0 0.0 46.875 1.875 0.0423823297024
-436.875 0 0.0 46.75 2.0 0.0256714522839
-429.75 0 0.0 45.25 2.0 0.034522742033
-461.0 0 0.0 48.25 2.0 0.0377655029297
-436.0 0 0.0 45.75 2.0 0.0353245735168
-471.375 0 0.0 49.0 2.0 0.0411721169949
-436.25 0 0.0 45.125 2.0 0.0439248681068
-418.625 0 0.0 42.375 2.0 0.0570629239082
-433.0 0 0.0 43.375 2.0 0.0639895200729
-443.75 0 0.0 45.75 1.875 0.0483006536961
-437.875 0 0.0 43.25 2.0 0.0712981820107
-442.125 0 0.0 46.0 1.875 0.0420734286308
-380.375 0 0.0 41.75 1.75 0.0511285662651
-458.5 0 0.0 48.75 2.0 0.0277211666107
-429.625 0 0.0 45.75 2.0 0.029076397419
-457.25 0 0.0 47.0 1.75 0.0522357821465
-434.0 0 0.0 43.875 2.0 0.0623813569546
-443.0 0 0.0 45.375 2.0 0.0547686517239
-369.625 0 0.0 42.125 1.625 0.0670295655727
-459.5 0 0.0 44.875 2.0 0.0790351331234
-439.5 0 0.0 42.25 1.875 0.0900731086731
-392.875 0 0.0 43.75 1.875 0.0398533642292
-442.5 0 0.0 45.75 1.875 0.0436889827251
-438.25 0 0.0 45.125 2.0 0.0473820567131
-443.5 0 0.0 46.75 2.0 0.0342942774296
-411.875 0 0.0 43.375 1.75 0.0657997727394
-372.625 0 0.0 42.375 1.75 0.0644391477108
-409.0 0 0.0 44.625 1.875 0.0503975450993
-390.75 0 0.0 47.0 1.875 0.0272299051285
-432.625 0 0.0 46.25 2.0 0.0267280042171
-444.5 0 0.0 47.375 2.0 0.027948141098
-387.375 0 0.0 42.5 1.875 0.047262519598
-440.875 0 0.0 44.875 1.875 0.054982572794
-428.75 0 0.0 43.5 2.0 0.0588586628437
-422.625 0 0.0 44.625 2.0 0.0333898663521
-353.0 0 0.0 41.75 1.625 0.0795532464981
-431.0 0 0.0 44.875 1.875 0.0401366651058
-455.375 0 0.0 45.875 2.0 0.0604659020901
-449.0 0 0.0 46.375 1.875 0.046522974968
-418.875 0 0.0 43.0 2.0 0.0518520176411
-417.125 0 0.0 44.0 1.875 0.0657828450203
-397.625 0 0.0 44.0 1.875 0.0443530082703
-440.75 0 0.0 46.5 2.0 0.0341447889805
-392.75 0 0.0 42.25 1.875 0.0615617036819
-471.625 0 0.0 49.125 2.0 0.0406693220139
-411.125 0 0.0 39.25 1.875 0.0848152935505
-376.25 0 0.0 40.0 1.875 0.0666881799698
-419.75 0 0.0 46.5 1.875 0.0384692549706
-416.875 0 0.0 42.625 2.0 0.0518992543221
-430.0 0 0.0 46.0 2.0 0.0263438522816
-430.625 0 0.0 45.25 2.0 0.0348055064678
-429.5 0 0.0 45.75 2.0 0.0291898846626
-379.625 0 0.0 43.875 1.75 0.0511891841888
-378.25 0 0.0 44.375 1.75 0.0461214184761
-438.125 0 0.0 45.625 1.875 0.040677189827
-432.375 0 0.0 45.25 2.0 0.0382794439793
-452.25 0 0.0 45.125 2.0 0.0663811564445
-407.125 0 0.0 39.625 1.875 0.0805197060108
-390.25 0 0.0 41.75 1.75 0.0632949471474
-369.625 0 0.0 44.25 1.875 0.0365500152111
-442.625 0 0.0 46.25 2.0 0.0417756736279
-421.75 0 0.0 41.375 2.0 0.0715876221657
-453.125 0 0.0 48.375 2.0 0.0258861482143
-431.5 0 0.0 45.125 2.0 0.0400511026382
-417.5 0 0.0 47.25 1.875 0.0251504182816
-414.5 0 0.0 41.625 1.75 0.0921499431133
-430.75 0 0.0 44.875 1.875 0.0449013113976
-450.0 0 0.0 47.75 2.0 0.0301590263844
-417.625 0 0.0 41.875 1.875 0.0598709285259
-356.25 0 0.0 41.375 1.75 0.0544019937515
-450.125 0 0.0 47.375 2.0 0.0333774089813
-445.75 0 0.0 46.0 2.0 0.0475133657455
-423.75 0 0.0 43.0 2.0 0.0551400184631
-422.75 0 0.0 45.0 1.875 0.0616172254086
-462.25 0 0.0 45.0 2.0 0.080912977457
-439.125 0 0.0 46.5 1.875 0.0336314737797
-421.0 0 0.0 43.5 2.0 0.0441998541355
-396.0 0 0.0 43.625 1.875 0.045688867569
-435.0 0 0.0 43.875 1.875 0.059361487627
-448.625 0 0.0 46.5 2.0 0.0443252623081
-461.5 0 0.0 39.375 1.625 0.15100261569
-443.125 0 0.0 47.0 2.0 0.0293979346752
-407.875 0 0.0 45.375 1.875 0.0388813912868
-413.5 0 0.0 43.375 2.0 0.0380587875843
-439.125 0 0.0 47.0 2.0 0.0247320234776
-435.375 0 0.0 44.125 1.875 0.0572954118252
-439.0 0 0.0 47.25 2.0 0.0227130353451
-429.375 0 0.0 44.375 2.0 0.0460941791534
-452.25 0 0.0 47.125 2.0 0.0404093265533
-445.75 0 0.0 45.875 2.0 0.0511418879032
-433.375 0 0.0 45.0 1.875 0.0430754125118
-431.375 0 0.0 45.0 2.0 0.0414035916328
-456.5 0 0.0 49.375 2.0 0.017031878233
-410.0 0 0.0 43.125 2.0 0.0380595326424
-445.75 0 0.0 48.25 2.0 0.016942769289
-425.75 0 0.0 43.125 2.0 0.0580853819847
-422.5 0 0.0 47.5 1.875 0.0281723737717
-430.25 0 0.0 45.5 2.0 0.0334886312485
-444.375 0 0.0 47.25 2.0 0.0293329358101
-438.25 0 0.0 46.125 2.0 0.0331770777702
-449.5 0 0.0 48.125 2.0 0.025000244379
-414.25 0 0.0 42.875 2.0 0.0465941429138
-404.625 0 0.0 41.875 2.0 0.0476687848568
-439.125 0 0.0 46.75 2.0 0.029971152544
-448.0 0 0.0 47.5 2.0 0.0298436284065
-458.125 0 0.0 48.375 1.875 0.0295843780041
-431.75 0 0.0 45.625 2.0 0.0324881374836
-422.0 0 0.0 44.75 2.0 0.0330246090889
-443.375 0 0.0 43.375 2.0 0.0774058699608
-428.375 0 0.0 41.875 1.625 0.076140999794
-446.375 0 0.0 47.0 2.0 0.0367011129856
-430.25 0 0.0 48.25 1.875 0.0285034775734
-446.875 0 0.0 46.75 2.0 0.0388404130936
-436.375 0 0.0 43.25 2.0 0.0673604905605
-428.375 0 0.0 43.25 2.0 0.0631220042706
-455.0 0 0.0 45.25 2.0 0.0699418485165
-383.75 0 0.0 43.125 1.625 0.0678754150867
-433.375 0 0.0 44.875 2.0 0.0481993556023
-408.125 0 0.0 42.125 1.875 0.0500268936157
-430.625 0 0.0 44.875 2.0 0.0451589822769
-438.625 0 0.0 45.75 2.0 0.0423230826855
-370.875 0 0.0 45.25 1.75 0.0589808821678
-435.125 0 0.0 44.75 1.875 0.0490183830261
-390.375 0 0.0 42.375 1.875 0.050101429224
-455.5 0 0.0 40.875 1.625 0.132233589888
-438.625 0 0.0 45.375 2.0 0.0456990599632
-412.875 0 0.0 45.125 1.75 0.0464248359203
-420.375 0 0.0 47.125 1.875 0.0293255448341
-422.375 0 0.0 44.375 2.0 0.0366951227188
-426.625 0 0.0 45.0 2.0 0.0342655479908
-453.0 0 0.0 46.625 2.0 0.0506658554077
-359.375 0 0.0 40.625 1.5 0.105706185102
-460.125 0 0.0 48.0 2.0 0.0415152013302
-426.125 0 0.0 44.0 2.0 0.0496397614479
-444.25 0 0.0 46.125 1.875 0.0417832434177
-322.25 0 0.0 41.0 1.5 0.0875847041607
-424.0 0 0.0 44.0 1.75 0.0792810022831
-436.375 0 0.0 44.5 1.875 0.0629833340645
-425.0 0 0.0 47.25 1.875 0.0380991399288
-337.125 0 0.0 43.625 1.5 0.0656498074532
-412.875 0 0.0 45.625 1.875 0.0413662791252
-427.375 0 0.0 44.375 2.0 0.0413997173309
-437.5 0 0.0 46.25 1.875 0.0313173234463
-434.5 0 0.0 44.5 2.0 0.0549609363079
-424.375 0 0.0 46.875 1.875 0.0401977598667
-435.875 0 0.0 44.125 2.0 0.0622445642948
-424.875 0 0.0 45.0 2.0 0.0321972072124
-452.0 0 0.0 48.125 2.0 0.0281175971031
-418.375 0 0.0 43.25 1.875 0.0491895973682
-382.25 0 0.0 42.125 1.875 0.0809340178967
-390.125 0 0.0 45.875 1.875 0.0402820706367
-456.0 0 0.0 48.375 2.0 0.030209004879
-434.5 0 0.0 44.0 2.0 0.0571731030941
-453.375 0 0.0 47.625 2.0 0.0328859984875
-451.875 0 0.0 47.25 2.0 0.0357961952686
-439.0 0 0.0 44.25 2.0 0.0587751865387
-406.375 0 0.0 43.0 2.0 0.0350356400013
-449.875 0 0.0 43.625 2.0 0.080399364233
-418.5 0 0.0 41.625 1.875 0.0706076323986
-444.0 0 0.0 46.125 2.0 0.0447290241718
-430.0 0 0.0 44.375 1.875 0.046828597784
-403.75 0 0.0 43.5 1.875 0.0578064620495
-441.25 0 0.0 46.875 2.0 0.0297129750252
-418.375 0 0.0 41.25 2.0 0.0752097964287
-445.25 0 0.0 47.125 2.0 0.0309564173222
-373.125 0 0.0 44.375 1.875 0.0368030965328
-456.375 0 0.0 43.875 2.0 0.0846062600613
-313.125 0 0.0 36.625 1.375 0.0980543792248
-477.375 0 0.0 49.75 2.0 0.0405233800411
-456.375 0 0.0 44.75 2.0 0.0772480070591
-423.375 0 0.0 46.5 1.875 0.0408769249916
