-15 61 -21.0
25 13 -383.0
60 6 -446.0
90 54 -14.0
15 6 -446.0
-310 120 60.0
295 73 -193.0
-530 139 41.0
-5 15 -385.0
-105 27 -317.0
275 96 1154.0
-110 23 -333.0
485 32 -332.0
125 9 -429.0
240 15 -365.0
165 21 -311.0
-155 65 -15.0
335 23 -293.0
35 20 60.0
-1150 97 -337.0
-25 27 -327.0
-185 39 -229.0
15 6 -446.0
-160 43 -193.0
-5 19 -329.0
5 8 -428.0
-130 33 -303.0
140 33 -303.0
60 6 -446.0
155 19 -349.0
505 43 -203.0
180 18 -338.0
5 8 -428.0
-460 77 -17.0
10 7 -437.0
130 10 -410.0
235 14 -384.0
1015 65 -15.0
275 17 -347.0
300 24 -314.0
-10 86 -116.0
290 21 -321.0
-15 97 53.0
180 27 -257.0
-180 113 317.0
195 15 -365.0
90 9 -419.0
0 9 -419.0
200 14 -374.0
190 16 -356.0
-180 47 -67.0
-520 61 -321.0
10 7 -437.0
10 7 -437.0
255 31 -261.0
-70 44 -314.0
50 8 -428.0
75 38 -208.0
10 7 -437.0
325 16 -356.0
385 37 -227.0
205 13 -383.0
375 25 -315.0
170 9 -429.0
-405 110 -130.0
220 15 -385.0
175 19 -329.0
10 7 -437.0
235 76 124.0
10 7 -437.0
0 9 -419.0
50 16 -406.0
125 9 -429.0
205 13 -383.0
195 31 -321.0
455 22 -322.0
190 22 -362.0
385 137 -177.0
140 17 -347.0
10 7 -437.0
190 14 -384.0
130 10 -410.0
245 41 -131.0
185 17 -347.0
-345 84 -184.0
10 7 -437.0
830 78 -128.0
135 26 64.0
0 9 -419.0
55 7 -437.0
30 10 -420.0
130 10 -410.0
90 9 -419.0
90 9 -419.0
305 20 -320.0
1030 59 -219.0
155 12 -402.0
505 69 181.0
210 12 -392.0
30 39 -239.0
65 45 -345.0
125 9 -429.0
10 7 -437.0
45 9 -419.0
90 9 -419.0
90 9 -419.0
250 22 -302.0
10 7 -437.0
-1095 222 1228.0
205 13 -383.0
85 10 -410.0
0 9 -419.0
-200 33 -283.0
50 8 -428.0
125 9 -429.0
-515 70 -280.0
125 9 -429.0
10 7 -437.0
365 98 -158.0
10 7 -437.0
150 134 -94.0
85 8 -438.0
-535 70 -280.0
50 25 -325.0
80 77 53.0
10 7 -437.0
-5 19 -329.0
10 7 -437.0
10 7 -437.0
-10 92 38.0
315 35 -235.0
-120 67 -87.0
-155 26 -336.0
85 10 -410.0
550 80 -90.0
85 8 -438.0
325 85 -85.0
90 9 -419.0
215 74 -104.0
60 15 -365.0
325 16 -356.0
160 19 -389.0
5 8 -428.0
10 7 -437.0
-110 83 147.0
700 74 -204.0
90 9 -419.0
10 7 -437.0
50 8 -428.0
335 69 -9.0
10 7 -437.0
45 9 -419.0
130 10 -410.0
205 11 -411.0
315 60 -40.0
405 30 -440.0
465 26 -346.0
150 34 -234.0
0 9 -419.0
165 38 -208.0
50 8 -428.0
190 16 -356.0
130 15 -385.0
-185 120 320.0
15 15 -365.0
-20 110 140.0
-735 132 -102.0
-45 14 -394.0
40 20 -360.0
125 9 -429.0
30 10 -420.0
105 6 -446.0
5 8 -428.0
40 10 -410.0
190 14 -384.0
205 13 -383.0
10 7 -437.0
-75 76 -206.0
165 13 -423.0
-110 19 -389.0
-20 97 -127.0
660 37 -267.0
5 8 -428.0
320 26 -266.0
365 70 -210.0
-15 133 -133.0
130 10 -410.0
170 64 -264.0
0 9 -419.0
245 14 -374.0
360 42 -182.0
90 9 -419.0
185 13 -403.0
345 27 -317.0
125 9 -429.0
10 7 -437.0
130 10 -410.0
90 9 -419.0
460 55 -215.0
125 9 -429.0
200 21 -321.0
120 8 -448.0
85 10 -410.0
145 16 -356.0
60 6 -446.0
-390 68 -298.0
10 7 -437.0
125 9 -429.0
90 9 -419.0
0 9 -419.0
205 13 -383.0
0 9 -419.0
420 21 -371.0
15 6 -446.0
200 38 -218.0
80 16 -376.0
125 9 -429.0
5 8 -428.0
-45 66 -116.0
205 13 -383.0
205 13 -383.0
315 18 -338.0
30 8 -448.0
5 8 -428.0
10 7 -437.0
125 9 -429.0
125 9 -429.0
-210 38 -268.0
205 13 -383.0
195 20 -340.0
130 10 -410.0
10 7 -437.0
40 10 -410.0
-60 29 -379.0
145 16 -356.0
440 20 -320.0
235 85 225.0
5 8 -428.0
325 16 -356.0
90 9 -419.0
50 8 -428.0
280 24 -334.0
125 9 -429.0
10 7 -437.0
165 20 -370.0
10 7 -437.0
50 8 -428.0
160 13 -383.0
5 8 -428.0
85 10 -410.0
635 108 182.0
10 7 -437.0
360 78 252.0
190 51 -181.0
10 7 -437.0
45 9 -419.0
520 43 -233.0
90 9 -419.0
590 109 21.0
125 9 -429.0
40 10 -410.0
145 15 -415.0
130 10 -410.0
240 29 -259.0
355 16 -416.0
0 9 -419.0
190 25 -275.0
45 9 -419.0
340 33 -373.0
30 8 -448.0
40 10 -410.0
10 7 -437.0
0 9 -419.0
200 14 -374.0
125 9 -429.0
460 95 345.0
10 7 -437.0
710 80 70.0
-85 119 1.0
195 36 -206.0
25 13 -383.0
155 12 -402.0
235 16 -356.0
260 52 -232.0
65 52 -202.0
125 9 -429.0
615 51 129.0
430 93 127.0
5 8 -428.0
10 7 -437.0
-60 99 -69.0
375 20 -430.0
245 69 -9.0
5 8 -428.0
180 24 -344.0
600 41 -271.0
125 9 -429.0
285 151 9.0
-570 127 1123.0
250 62 98.0
10 7 -437.0
5 8 -428.0
45 9 -419.0
160 11 -411.0
-5 60 110.0
205 23 -333.0
355 19 -329.0
5 8 -428.0
360 45 -185.0
10 7 -437.0
-355 73 -213.0
55 7 -437.0
230 20 -350.0
125 74 -214.0
45 9 -419.0
5 8 -428.0
10 7 -437.0
215 86 -226.0
590 58 112.0
415 129 281.0
105 11 -421.0
440 20 -320.0
5 8 -428.0
45 9 -419.0
555 37 143.0
40 10 -410.0
425 147 273.0
60 6 -446.0
425 106 194.0
170 53 -83.0
360 58 -48.0
200 26 -296.0
125 9 -429.0
15 6 -446.0
510 76 84.0
125 9 -429.0
15 70 90.0
10 7 -437.0
375 29 -259.0
-50 19 -329.0
125 9 -429.0
120 10 -420.0
70 9 -439.0
10 7 -437.0
0 9 -419.0
-880 135 -5.0
5 8 -428.0
-30 81 -161.0
45 9 -419.0
45 9 -419.0
355 73 247.0
400 17 -357.0
125 9 -429.0
-410 79 -299.0
340 81 29.0
155 54 26.0
85 10 -410.0
40 10 -410.0
-20 36 -286.0
710 118 62.0
135 12 -422.0
1000 72 -312.0
10 7 -437.0
265 19 -329.0
85 15 -385.0
385 18 -358.0
240 22 -312.0
10 7 -437.0
90 9 -419.0
755 47 -77.0
10 7 -437.0
40 10 -410.0
295 18 -358.0
235 16 -356.0
-255 102 -202.0
235 74 296.0
10 7 -437.0
-85 114 1136.0
0 97 273.0
5 25 -325.0
125 9 -429.0
110 30 -330.0
125 9 -429.0
45 9 -419.0
150 63 37.0
0 44 -244.0
105 11 -421.0
5 8 -428.0
-40 107 -97.0
10 7 -437.0
620 90 120.0
55 7 -437.0
85 10 -410.0
280 14 -384.0
45 9 -419.0
125 9 -429.0
20 14 -374.0
555 37 -327.0
540 27 -167.0
155 14 -374.0
10 7 -437.0
90 9 -419.0
205 13 -383.0
305 49 -139.0
-115 25 -355.0
70 11 -411.0
30 68 -238.0
125 9 -429.0
245 130 -140.0
215 20 -320.0
0 9 -419.0
395 139 1111.0
190 14 -384.0
5 8 -428.0
40 10 -410.0
-155 107 -77.0
845 73 17.0
-20 13 -383.0
0 9 -419.0
50 8 -428.0
395 65 -95.0
-150 65 -235.0
0 9 -419.0
90 9 -419.0
125 9 -429.0
125 9 -429.0
290 71 1579.0
10 7 -437.0
10 7 -437.0
1510 61 -251.0
45 9 -419.0
40 10 -410.0
180 51 -281.0
1260 93 -163.0
-585 132 -292.0
530 112 -22.0
190 16 -356.0
45 9 -419.0
325 16 -356.0
55 10 -440.0
220 83 117.0
10 7 -437.0
125 9 -429.0
125 9 -429.0
265 19 -329.0
115 61 219.0
90 9 -419.0
445 36 -226.0
5 8 -428.0
90 9 -419.0
370 16 -356.0
535 94 136.0
250 31 -311.0
50 8 -428.0
205 14 -414.0
40 10 -410.0
5 8 -428.0
190 16 -356.0
10 7 -437.0
105 6 -446.0
90 9 -419.0
125 9 -429.0
285 22 -312.0
775 72 248.0
325 89 151.0
0 9 -419.0
600 47 -97.0
10 7 -437.0
190 14 -384.0
190 14 -384.0
85 10 -410.0
45 9 -419.0
75 8 -448.0
90 9 -419.0
345 29 91.0
-335 163 277.0
210 21 -311.0
90 14 -394.0
290 19 -349.0
30 8 -448.0
50 8 -428.0
25 42 -202.0
60 6 -446.0
165 21 -401.0
210 21 -311.0
45 9 -419.0
170 9 -429.0
0 9 -419.0
125 9 -429.0
365 37 -337.0
175 19 -329.0
205 13 -383.0
55 7 -437.0
235 25 -275.0
210 21 -311.0
5 17 -347.0
-325 101 -151.0
-485 142 58.0
10 7 -437.0
295 30 -280.0
125 9 -429.0
420 60 -50.0
155 23 -293.0
90 9 -419.0
125 29 -239.0
485 107 -47.0
895 114 126.0
-25 122 1328.0
70 11 -411.0
105 6 -446.0
760 55 -5.0
215 118 1332.0
270 41 -241.0
40 10 -410.0
5 8 -428.0
125 9 -429.0
655 121 319.0
10 7 -437.0
-90 98 952.0
90 9 -419.0
10 7 -437.0
70 13 -383.0
325 22 -362.0
0 9 -419.0
0 9 -419.0
280 14 -384.0
-40 79 -19.0
75 8 -448.0
220 24 -304.0
-100 57 -207.0
50 8 -428.0
65 40 190.0
325 16 -356.0
445 43 -353.0
125 9 -429.0
300 101 -91.0
-240 172 28.0
10 7 -437.0
65 83 1367.0
125 9 -429.0
5 8 -428.0
10 7 -437.0
30 10 -420.0
-25 21 -321.0
215 49 -229.0
200 21 -321.0
90 9 -419.0
870 116 104.0
-385 116 1334.0
45 9 -419.0
125 9 -429.0
-30 48 -218.0
440 36 104.0
90 9 -419.0
195 13 -393.0
615 49 -189.0
10 7 -437.0
50 8 -428.0
-460 136 1114.0
90 9 -419.0
290 22 -352.0
10 7 -437.0
130 10 -410.0
50 8 -428.0
275 29 -269.0
770 121 99.0
5 8 -428.0
725 75 -185.0
-15 48 -158.0
460 21 -151.0
10 7 -437.0
30 8 -448.0
170 9 -429.0
15 6 -446.0
125 9 -429.0
425 40 -190.0
105 22 -312.0
0 9 -419.0
310 80 320.0
175 19 -329.0
5 8 -428.0
710 67 -157.0
10 7 -437.0
105 6 -446.0
130 10 -410.0
710 68 -98.0
70 11 -411.0
10 7 -437.0
130 19 -329.0
270 47 -157.0
105 6 -446.0
165 64 66.0
105 6 -446.0
550 33 -253.0
0 9 -419.0
40 37 -257.0
5 8 -428.0
5 8 -428.0
25 30 -370.0
5 8 -428.0
85 17 -357.0
-80 49 -209.0
180 53 -73.0
85 10 -410.0
145 52 -322.0
105 6 -446.0
170 9 -429.0
125 9 -429.0
255 24 -314.0
130 10 -410.0
30 8 -448.0
-65 60 -220.0
95 8 -428.0
275 28 52.0
290 14 -374.0
30 8 -448.0
355 73 -23.0
840 84 1166.0
105 6 -446.0
30 8 -448.0
105 6 -446.0
125 9 -429.0
90 9 -419.0
-75 25 -315.0
130 10 -410.0
905 55 -175.0
105 6 -446.0
90 9 -419.0
30 27 -317.0
90 35 -235.0
10 7 -437.0
65 10 -430.0
140 79 -219.0
45 9 -419.0
200 39 -249.0
125 9 -429.0
260 24 -354.0
250 18 -358.0
45 9 -419.0
790 55 -155.0
45 9 -419.0
90 9 -419.0
1020 33 -233.0
55 7 -437.0
50 8 -428.0
175 10 -410.0
55 7 -437.0
90 18 -338.0
160 18 -358.0
90 9 -419.0
10 7 -437.0
570 77 -67.0
215 11 -401.0
250 18 -358.0
515 49 -109.0
415 36 -166.0
355 19 -329.0
90 9 -419.0
160 13 -383.0
325 16 -356.0
190 33 -343.0
60 6 -446.0
185 34 -244.0
105 6 -446.0
400 33 -223.0
35 37 -217.0
105 6 -446.0
175 10 -410.0
175 10 -410.0
60 6 -446.0
175 10 -410.0
60 6 -446.0
90 21 -341.0
350 51 -21.0
205 11 -411.0
685 78 -228.0
225 9 -419.0
105 6 -446.0
105 6 -446.0
90 9 -419.0
210 30 -230.0
90 9 -419.0
440 25 -295.0
215 11 -401.0
60 6 -446.0
400 19 -329.0
105 6 -446.0
120 10 -420.0
5 82 -202.0
545 28 -148.0
105 6 -446.0
-15 93 -133.0
235 96 44.0
90 9 -419.0
390 54 -74.0
55 53 -63.0
5 8 -428.0
50 8 -428.0
170 11 -401.0
45 9 -419.0
50 87 -177.0
390 36 -236.0
190 16 -356.0
5 8 -428.0
50 8 -428.0
405 99 -169.0
5 8 -428.0
390 30 -230.0
75 10 -420.0
410 46 214.0
235 48 -268.0
0 9 -419.0
145 14 -384.0
440 60 -30.0
75 46 -186.0
-30 21 -371.0
135 12 -422.0
795 118 102.0
390 27 -407.0
130 8 -438.0
85 10 -410.0
-120 27 -287.0
235 16 -356.0
210 10 -420.0
345 77 223.0
105 6 -446.0
105 6 -446.0
85 10 -410.0
50 8 -428.0
45 9 -419.0
200 70 250.0
5 8 -428.0
575 37 -217.0
925 43 -233.0
105 15 -365.0
-150 108 1342.0
25 13 -383.0
40 10 -410.0
370 50 -150.0
290 84 156.0
55 7 -437.0
105 6 -446.0
280 52 -212.0
15 15 -365.0
5 8 -428.0
205 11 -411.0
105 6 -446.0
285 19 -399.0
105 6 -446.0
360 45 -185.0
135 26 -136.0
105 6 -446.0
75 59 41.0
105 6 -446.0
190 37 -197.0
0 9 -419.0
175 10 -410.0
105 6 -446.0
15 6 -446.0
180 12 -422.0
975 67 -227.0
290 222 -272.0
1185 61 -81.0
380 46 -196.0
295 27 -187.0
630 65 -85.0
105 6 -446.0
5 8 -428.0
855 119 931.0
5 8 -428.0
350 18 -348.0
105 6 -446.0
105 6 -446.0
185 112 128.0
205 11 -411.0
185 20 -350.0
100 12 -412.0
45 9 -419.0
65 18 -408.0
5 8 -428.0
45 9 -419.0
-130 115 105.0
200 44 -314.0
655 77 -297.0
610 72 218.0
245 14 -374.0
5 8 -428.0
50 39 -219.0
1190 170 1480.0
130 62 -42.0
-40 17 -347.0
405 18 -338.0
-200 43 -233.0
-35 21 -331.0
105 6 -446.0
85 10 -410.0
-50 19 -329.0
-145 121 1129.0
-10 11 -401.0
215 46 -46.0
85 70 -310.0
100 16 -356.0
250 22 -302.0
170 16 -376.0
15 6 -446.0
190 14 -384.0
-50 27 -307.0
75 8 -448.0
30 8 -448.0
90 9 -419.0
745 57 163.0
100 10 -440.0
-260 62 -162.0
205 39 -199.0
60 6 -446.0
60 6 -446.0
30 8 -448.0
-55 57 -227.0
155 13 -433.0
15 6 -446.0
840 96 1354.0
15 6 -446.0
345 31 -261.0
30 23 -373.0
825 84 -184.0
15 6 -446.0
195 14 -424.0
15 6 -446.0
-130 59 -229.0
60 6 -446.0
540 84 -44.0
345 15 -395.0
880 62 188.0
95 8 -428.0
965 125 1125.0
185 69 -159.0
60 6 -446.0
-190 51 -111.0
80 43 -223.0
15 6 -446.0
60 6 -446.0
15 6 -446.0
55 10 -440.0
245 122 -212.0
395 30 -270.0
285 15 -365.0
290 58 -118.0
-120 25 -315.0
375 23 -343.0
-110 148 22.0
1060 115 525.0
15 6 -446.0
195 40 -240.0
30 8 -448.0
60 6 -446.0
-20 77 -227.0
170 12 -432.0
170 86 174.0
330 13 -393.0
60 6 -446.0
55 10 -440.0
185 37 -247.0
50 8 -428.0
215 68 -188.0
110 10 -430.0
-55 52 -232.0
415 49 -209.0
110 10 -430.0
15 6 -446.0
810 86 254.0
15 6 -446.0
-120 77 -237.0
215 21 -351.0
15 6 -446.0
55 99 -49.0
5 47 -107.0
60 6 -446.0
30 93 357.0
100 10 -440.0
-20 19 -389.0
65 10 -430.0
15 6 -446.0
60 6 -446.0
185 112 -142.0
15 6 -446.0
170 12 -432.0
15 6 -446.0
60 6 -446.0
1085 107 -77.0
15 6 -446.0
15 6 -446.0
95 8 -428.0
275 43 -253.0
10 7 -437.0
545 41 -191.0
300 15 -395.0
100 10 -440.0
60 6 -446.0
50 8 -428.0
250 13 -383.0
110 10 -430.0
-15 12 -392.0
220 31 -251.0
130 10 -410.0
750 57 13.0
85 10 -410.0
110 10 -430.0
85 10 -410.0
850 80 230.0
205 18 -358.0
130 10 -410.0
5 8 -428.0
655 86 -146.0
65 10 -430.0
90 9 -419.0
85 10 -410.0
590 91 -31.0
820 57 103.0
420 41 -181.0
40 57 -247.0
5 8 -428.0
835 72 238.0
55 10 -440.0
5 8 -428.0
1000 134 306.0
145 16 -356.0
530 29 -239.0
5 8 -428.0
175 10 -410.0
-10 86 264.0
890 74 -14.0
55 10 -440.0
15 11 -421.0
5 8 -428.0
105 6 -446.0
10 7 -437.0
90 9 -419.0
105 6 -446.0
370 15 -415.0
5 8 -428.0
15 6 -446.0
200 57 -87.0
-15 38 -298.0
5 8 -428.0
135 12 -422.0
520 55 -245.0
85 18 -388.0
175 10 -410.0
495 114 16.0
105 6 -446.0
505 56 -246.0
85 28 -248.0
100 10 -440.0
-35 84 966.0
-50 32 -282.0
65 14 -374.0
50 123 237.0
65 10 -430.0
55 7 -437.0
445 19 -329.0
130 10 -410.0
175 10 -410.0
105 6 -446.0
15 6 -446.0
-855 96 -236.0
5 8 -428.0
20 40 -190.0
415 53 -243.0
205 11 -411.0
130 10 -410.0
25 9 -439.0
-310 61 -181.0
85 39 -229.0
60 6 -446.0
700 101 129.0
15 6 -446.0
-105 52 -12.0
85 10 -410.0
-35 105 945.0
-100 92 -212.0
15 6 -446.0
185 27 -117.0
-40 13 -403.0
15 6 -446.0
15 6 -446.0
-105 89 -79.0
230 20 -350.0
55 10 -440.0
235 14 -384.0
85 80 230.0
190 24 -334.0
65 10 -430.0
10 7 -437.0
315 137 1313.0
390 32 -292.0
885 99 -159.0
255 95 295.0
15 6 -446.0
15 6 -446.0
60 6 -446.0
-15 21 -401.0
-260 43 -293.0
575 37 -217.0
10 7 -437.0
125 32 -332.0
-40 18 -378.0
110 10 -430.0
125 39 -99.0
15 6 -446.0
50 8 -428.0
455 27 -117.0
90 9 -419.0
285 28 62.0
90 9 -419.0
90 9 -419.0
500 62 58.0
190 14 -384.0
295 115 55.0
980 113 37.0
105 6 -446.0
105 6 -446.0
85 10 -410.0
15 6 -446.0
130 10 -410.0
50 8 -428.0
265 15 -385.0
190 16 -356.0
105 6 -446.0
235 19 -359.0
5 8 -428.0
105 6 -446.0
75 10 -420.0
235 16 -356.0
205 11 -411.0
265 28 -248.0
75 8 -448.0
5 8 -428.0
220 24 -304.0
415 76 124.0
290 36 -336.0
65 10 -430.0
85 10 -410.0
170 11 -401.0
105 6 -446.0
395 17 -407.0
220 10 -410.0
55 10 -440.0
425 35 -125.0
50 8 -428.0
105 6 -446.0
105 6 -446.0
50 38 -278.0
115 11 -411.0
100 16 -356.0
85 15 -385.0
150 72 -172.0
85 10 -410.0
770 79 181.0
105 6 -446.0
670 48 -148.0
110 10 -430.0
280 14 -384.0
255 46 -186.0
205 11 -411.0
360 50 -70.0
-280 60 -210.0
-640 145 1305.0
710 29 -239.0
110 72 -12.0
740 110 180.0
-55 143 97.0
50 8 -428.0
215 30 -270.0
200 79 -229.0
520 55 315.0
70 9 -439.0
50 8 -428.0
30 8 -448.0
385 124 226.0
25 86 54.0
30 8 -448.0
105 6 -446.0
45 9 -419.0
405 27 -257.0
5 8 -428.0
145 37 -287.0
470 37 -97.0
0 9 -419.0
30 91 -161.0
5 8 -428.0
300 29 -289.0
-60 82 -132.0
305 160 -70.0
775 51 -1.0
5 8 -428.0
405 25 -285.0
205 22 -392.0
705 34 -264.0
-225 62 -172.0
45 9 -419.0
280 16 -356.0
105 6 -446.0
105 6 -446.0
105 6 -446.0
245 43 -193.0
145 16 -356.0
0 63 -293.0
105 6 -446.0
290 14 -374.0
-50 15 -385.0
0 9 -419.0
-445 117 1333.0
-190 56 -266.0
215 93 137.0
190 14 -384.0
105 6 -446.0
5 8 -428.0
105 14 -424.0
1170 95 1355.0
55 33 -253.0
280 16 -356.0
45 9 -419.0
470 65 -175.0
95 88 152.0
65 10 -430.0
105 6 -446.0
85 10 -410.0
305 33 -273.0
560 89 1161.0
620 69 141.0
25 13 -383.0
75 8 -448.0
95 69 -249.0
105 6 -446.0
375 33 -113.0
105 6 -446.0
170 11 -401.0
5 8 -428.0
60 6 -446.0
105 6 -446.0
105 6 -446.0
260 80 -20.0
85 10 -410.0
135 33 -353.0
175 19 -329.0
5 8 -428.0
-235 57 -297.0
100 24 -334.0
465 46 -156.0
-55 30 -270.0
270 14 -394.0
5 8 -428.0
45 9 -419.0
20 10 -430.0
165 29 -289.0
85 8 -438.0
205 11 -411.0
105 6 -446.0
100 10 -440.0
45 9 -419.0
620 77 -217.0
635 181 -141.0
105 6 -446.0
-370 59 -289.0
0 9 -419.0
35 68 -8.0
45 9 -419.0
45 9 -419.0
900 36 -356.0
95 65 145.0
105 6 -446.0
40 10 -410.0
5 8 -428.0
290 19 -349.0
370 25 -95.0
-355 65 -305.0
55 10 -440.0
160 11 -411.0
85 10 -410.0
270 52 -312.0
770 77 -47.0
135 9 -419.0
35 119 -169.0
240 39 -209.0
315 27 -257.0
275 68 -238.0
85 10 -410.0
190 35 -225.0
90 9 -419.0
105 6 -446.0
15 93 97.0
150 11 -421.0
290 23 -293.0
145 16 -356.0
485 46 -136.0
5 8 -428.0
265 15 -385.0
205 11 -411.0
485 29 -239.0
85 10 -410.0
235 45 -175.0
495 63 -203.0
330 18 -368.0
130 10 -410.0
165 13 -423.0
0 9 -419.0
205 11 -411.0
310 27 -307.0
105 6 -446.0
0 9 -419.0
105 11 -421.0
130 10 -410.0
160 25 -305.0
940 57 223.0
205 11 -411.0
105 6 -446.0
-5 19 -329.0
0 9 -419.0
80 9 -429.0
550 31 -281.0
480 30 60.0
90 16 -366.0
0 9 -419.0
105 6 -446.0
5 8 -428.0
85 8 -438.0
5 8 -428.0
210 92 8.0
55 10 -440.0
205 11 -411.0
70 9 -439.0
120 19 -339.0
0 9 -419.0
205 11 -411.0
105 6 -446.0
105 6 -446.0
765 39 21.0
195 27 -287.0
755 102 308.0
660 24 -314.0
405 31 -291.0
980 106 1344.0
275 24 -294.0
5 8 -428.0
290 89 1161.0
105 6 -446.0
175 13 -413.0
1140 69 31.0
85 36 -226.0
205 11 -411.0
-50 15 -385.0
50 65 55.0
-100 79 101.0
85 15 -385.0
250 75 -55.0
-160 67 -147.0
235 44 -234.0
470 73 -153.0
130 51 -61.0
105 6 -446.0
50 67 -7.0
275 36 -306.0
155 50 -230.0
105 6 -446.0
220 13 -413.0
1045 78 -68.0
60 44 -184.0
655 32 -252.0
40 10 -410.0
175 22 -332.0
50 25 -325.0
0 9 -419.0
105 6 -446.0
170 11 -401.0
105 6 -446.0
450 19 -369.0
110 10 -430.0
335 73 -153.0
55 10 -440.0
105 6 -446.0
165 10 -420.0
20 10 -430.0
915 76 -6.0
65 46 -106.0
-5 15 -385.0
515 91 -261.0
-265 70 -210.0
205 18 -358.0
90 9 -419.0
130 10 -410.0
105 6 -446.0
0 9 -419.0
105 6 -446.0
210 13 -423.0
560 32 -212.0
170 11 -401.0
195 19 -399.0
125 28 -298.0
55 10 -440.0
105 6 -446.0
10 16 -356.0
85 8 -438.0
250 11 -411.0
260 15 -435.0
555 140 80.0
855 96 414.0
105 6 -446.0
105 6 -446.0
105 6 -446.0
620 66 -126.0
250 11 -411.0
105 6 -446.0
420 42 -302.0
245 47 -317.0
210 10 -420.0
-350 122 -242.0
85 10 -410.0
135 12 -422.0
190 16 -356.0
110 10 -430.0
75 8 -448.0
370 25 -275.0
190 24 -334.0
135 17 -397.0
295 42 -292.0
55 10 -440.0
175 10 -410.0
40 73 -133.0
745 90 400.0
105 6 -446.0
5 8 -428.0
100 10 -440.0
105 6 -446.0
0 9 -419.0
10 16 -356.0
135 12 -422.0
90 9 -419.0
845 62 198.0
75 8 -448.0
10 23 -393.0
65 40 -280.0
710 49 151.0
105 11 -421.0
-40 35 -275.0
-215 60 -190.0
40 10 -410.0
85 18 -388.0
275 118 -258.0
660 28 -348.0
275 17 -347.0
85 13 -413.0
-55 98 52.0
-280 68 -98.0
890 104 136.0
90 39 -179.0
-45 36 -266.0
-485 132 -172.0
30 8 -448.0
55 10 -440.0
-30 21 -371.0
10 23 -393.0
45 9 -419.0
205 11 -411.0
105 6 -446.0
390 50 70.0
175 10 -410.0
145 16 -356.0
145 131 309.0
90 12 -422.0
5 8 -428.0
60 6 -446.0
675 62 -282.0
0 9 -419.0
85 10 -410.0
0 9 -419.0
85 8 -438.0
275 20 -350.0
5 8 -428.0
385 39 -199.0
105 6 -446.0
175 10 -410.0
280 14 -384.0
5 8 -428.0
145 17 -387.0
-50 62 -222.0
-175 66 114.0
105 15 -365.0
105 6 -446.0
60 27 -287.0
50 8 -428.0
415 72 -522.0
-15 12 -392.0
-370 71 -11.0
325 16 -356.0
460 25 -275.0
20 22 -352.0
205 11 -411.0
265 67 -37.0
55 38 -228.0
165 32 -292.0
55 7 -437.0
890 106 74.0
460 47 -147.0
215 11 -401.0
10 7 -437.0
-235 139 1311.0
290 16 -436.0
-45 14 -394.0
340 78 -168.0
65 84 -224.0
40 10 -410.0
355 41 -201.0
205 11 -411.0
265 39 -49.0
105 6 -446.0
130 10 -410.0
5 8 -428.0
705 30 -230.0
105 20 -340.0
-60 22 -342.0
195 47 193.0
210 29 -289.0
215 33 -273.0
55 7 -437.0
105 6 -446.0
-15 52 -192.0
130 10 -410.0
720 26 -316.0
10 7 -437.0
395 45 -15.0
225 26 -316.0
-165 30 -290.0
-255 87 -187.0
470 80 -100.0
5 19 -409.0
175 10 -410.0
100 10 -440.0
820 81 -31.0
105 6 -446.0
75 10 -420.0
45 9 -419.0
45 9 -419.0
45 27 -257.0
1050 48 -128.0
665 29 -239.0
145 12 -412.0
5 8 -428.0
695 58 -118.0
65 14 -374.0
-20 13 -383.0
-20 36 -376.0
250 11 -411.0
-335 102 -82.0
-220 94 -34.0
60 6 -446.0
10 7 -437.0
250 13 -383.0
30 73 -213.0
240 13 -393.0
-255 117 -307.0
95 69 21.0
55 10 -440.0
595 69 -39.0
15 6 -446.0
95 8 -428.0
335 17 -377.0
300 21 -311.0
875 93 167.0
-300 83 -223.0
215 11 -401.0
20 63 -113.0
95 22 -322.0
-20 48 -298.0
5 8 -428.0
305 47 -167.0
775 105 -165.0
180 23 -313.0
35 44 16.0
410 88 -28.0
265 19 -329.0
125 9 -429.0
-30 43 -243.0
-75 37 -237.0
185 25 -325.0
15 6 -446.0
5 8 -428.0
45 60 -200.0
80 7 -457.0
155 19 -349.0
145 30 -340.0
440 56 4.0
180 46 -306.0
100 56 -246.0
315 22 -372.0
25 13 -383.0
280 83 267.0
135 18 -338.0
185 24 -294.0
35 20 -410.0
90 38 -238.0
-50 36 -226.0
-70 67 -217.0
920 55 -295.0
-95 74 126.0
330 24 -284.0
60 37 -327.0
530 97 1153.0
5 8 -428.0
45 48 -188.0
425 18 -408.0
85 8 -438.0
105 6 -446.0
650 37 -277.0
555 57 -227.0
365 34 -244.0
65 10 -430.0
235 16 -356.0
80 19 -379.0
20 10 -430.0
230 31 -61.0
650 167 1283.0
280 17 -387.0
175 10 -410.0
240 59 -129.0
1550 82 -52.0
260 23 -323.0
125 11 -401.0
145 14 -384.0
170 11 -401.0
445 28 -248.0
110 10 -430.0
105 6 -446.0
300 36 144.0
180 17 -397.0
320 100 -40.0
0 9 -419.0
260 52 238.0
105 6 -446.0
615 62 128.0
55 37 -197.0
175 13 -413.0
75 8 -448.0
100 64 -224.0
90 9 -419.0
105 6 -446.0
85 10 -410.0
-180 77 -207.0
415 22 -362.0
240 13 -393.0
215 31 -301.0
545 38 -368.0
150 15 -365.0
130 10 -410.0
70 13 -383.0
170 46 -226.0
270 18 -338.0
-80 19 -359.0
290 110 1340.0
30 108 1342.0
130 10 -410.0
20 117 -77.0
105 103 1347.0
105 6 -446.0
45 9 -419.0
105 6 -446.0
170 9 -429.0
5 8 -428.0
105 6 -446.0
15 15 -365.0
5 8 -428.0
5 8 -428.0
80 54 -24.0
200 49 -199.0
105 6 -446.0
755 112 1338.0
-130 100 -60.0
555 70 1180.0
-60 15 -395.0
385 75 305.0
140 11 -431.0
135 59 301.0
90 18 -338.0
650 140 1310.0
395 43 -313.0
-80 17 -387.0
15 6 -446.0
105 15 -365.0
-50 61 -11.0
60 6 -446.0
135 9 -419.0
440 94 66.0
90 17 -397.0
345 60 -80.0
755 103 1347.0
225 30 -260.0
-65 45 -295.0
335 81 -41.0
225 23 -313.0
180 53 -273.0
125 109 1141.0
90 7 -447.0
310 15 -385.0
85 32 -282.0
200 41 -221.0
885 102 1348.0
130 27 -307.0
90 9 -419.0
75 10 -420.0
430 37 153.0
15 19 -399.0
310 15 -385.0
350 115 1135.0
30 44 -214.0
70 9 -439.0
105 6 -446.0
820 87 963.0
770 124 -84.0
290 20 -380.0
535 76 154.0
285 15 -365.0
25 25 -305.0
-55 17 -407.0
460 54 -94.0
275 48 -228.0
225 54 -194.0
-150 64 -204.0
230 27 -297.0
165 102 948.0
185 17 -347.0
535 57 -157.0
1035 78 -128.0
155 75 255.0
0 9 -419.0
100 10 -440.0
5 8 -428.0
130 11 -441.0
0 9 -419.0
-85 27 -297.0
55 10 -440.0
1355 113 7.0
-105 35 -295.0
430 23 -333.0
65 10 -430.0
105 6 -446.0
135 12 -422.0
45 9 -419.0
465 31 -231.0
635 36 164.0
170 11 -401.0
105 11 -421.0
-180 45 -275.0
105 6 -446.0
425 67 53.0
100 10 -440.0
235 14 -384.0
235 16 -356.0
690 59 -199.0
105 6 -446.0
105 6 -446.0
5 8 -428.0
85 8 -438.0
20 41 -41.0
190 14 -384.0
145 14 -384.0
285 22 -312.0
105 6 -446.0
25 13 -383.0
80 11 -401.0
185 30 -300.0
5 8 -428.0
280 87 -37.0
35 24 -354.0
65 14 -374.0
90 9 -419.0
40 10 -410.0
395 86 -26.0
90 9 -419.0
105 6 -446.0
5 8 -428.0
175 10 -410.0
90 9 -419.0
0 9 -419.0
400 109 101.0
350 27 -357.0
215 28 -298.0
105 6 -446.0
105 103 1147.0
40 10 -410.0
265 15 -385.0
110 10 -430.0
75 8 -448.0
535 48 -148.0
55 10 -440.0
180 71 979.0
225 51 -191.0
-45 45 -185.0
45 9 -419.0
350 94 1156.0
280 21 -331.0
495 35 -235.0
-60 49 -99.0
5 8 -428.0
90 9 -419.0
885 57 -77.0
120 26 -286.0
365 75 -75.0
275 13 -403.0
20 10 -430.0
105 6 -446.0
175 10 -410.0
20 10 -430.0
60 11 -421.0
40 10 -410.0
195 18 -368.0
480 49 191.0
-40 17 -347.0
130 15 -385.0
370 16 -356.0
85 10 -410.0
105 6 -446.0
100 10 -440.0
-165 32 -262.0
110 10 -430.0
10 7 -437.0
185 18 -378.0
240 53 -103.0
165 13 -423.0
-130 33 -303.0
310 15 -385.0
90 9 -419.0
160 13 -383.0
845 112 1138.0
85 44 -204.0
105 6 -446.0
115 14 -414.0
40 10 -410.0
190 14 -384.0
270 54 -14.0
410 94 346.0
130 10 -410.0
520 61 109.0
170 16 -376.0
5 8 -428.0
65 10 -430.0
135 12 -422.0
90 9 -419.0
10 7 -437.0
100 10 -440.0
45 45 -185.0
195 11 -421.0
655 103 537.0
175 10 -410.0
125 36 -276.0
5 93 -93.0
30 109 111.0
80 19 -379.0
205 34 -314.0
145 12 -412.0
1505 47 -137.0
405 86 964.0
175 10 -410.0
175 37 -257.0
5 8 -428.0
320 17 -347.0
105 31 -321.0
-175 76 -216.0
205 11 -411.0
100 10 -440.0
340 32 -162.0
420 32 -262.0
150 15 -365.0
285 16 -396.0
100 10 -440.0
5 8 -428.0
270 112 -142.0
85 15 -385.0
230 29 -89.0
175 10 -410.0
105 6 -446.0
185 62 -302.0
1195 95 225.0
205 11 -411.0
240 13 -393.0
-240 78 1372.0
1025 55 35.0
5 8 -428.0
145 12 -412.0
250 14 -414.0
20 14 -374.0
125 9 -429.0
250 28 -308.0
105 6 -446.0
85 10 -410.0
600 49 -69.0
55 7 -437.0
0 9 -419.0
-595 106 -196.0
85 10 -410.0
0 9 -419.0
90 9 -419.0
440 73 1377.0
0 9 -419.0
105 6 -446.0
-345 51 -311.0
70 13 -383.0
105 6 -446.0
0 9 -419.0
105 6 -446.0
105 6 -446.0
180 79 -69.0
450 54 166.0
970 41 -261.0
240 71 149.0
580 54 -64.0
-15 25 -345.0
0 9 -419.0
105 6 -446.0
330 20 -430.0
-320 80 -260.0
105 6 -446.0
-65 22 -302.0
100 35 -405.0
435 59 331.0
130 13 -413.0
130 10 -410.0
175 10 -410.0
85 10 -410.0
210 12 -392.0
105 6 -446.0
545 37 -247.0
-30 85 -215.0
250 36 -286.0
165 10 -420.0
235 43 -23.0
205 11 -411.0
255 44 -34.0
85 10 -410.0
25 22 -302.0
390 25 -345.0
105 6 -446.0
205 11 -411.0
5 8 -428.0
105 6 -446.0
260 85 1365.0
0 9 -419.0
130 10 -410.0
105 6 -446.0
85 10 -410.0
105 6 -446.0
90 9 -419.0
105 6 -446.0
120 29 -289.0
105 6 -446.0
340 17 -417.0
235 15 -415.0
185 38 -278.0
50 8 -428.0
40 10 -410.0
670 42 -142.0
5 8 -428.0
55 16 -356.0
325 16 -356.0
70 19 -389.0
150 45 -35.0
5 8 -428.0
185 22 -322.0
140 11 -431.0
130 10 -410.0
275 102 1148.0
175 10 -410.0
45 9 -419.0
210 13 -423.0
5 8 -428.0
555 22 -312.0
525 171 1079.0
0 9 -419.0
45 9 -419.0
45 9 -419.0
725 73 77.0
105 6 -446.0
90 9 -419.0
50 8 -428.0
5 8 -428.0
85 8 -438.0
105 6 -446.0
155 14 -374.0
265 10 -410.0
45 9 -419.0
220 13 -413.0
45 9 -419.0
-10 11 -401.0
155 31 -271.0
440 20 -410.0
105 6 -446.0
100 12 -412.0
125 9 -429.0
205 13 -383.0
130 8 -438.0
175 10 -410.0
220 19 -329.0
-75 95 -165.0
465 31 -231.0
0 9 -419.0
565 26 -426.0
105 15 -365.0
-330 99 1151.0
15 6 -446.0
220 19 -329.0
90 9 -419.0
220 13 -413.0
875 59 -239.0
325 15 -415.0
-225 60 -220.0
25 22 -302.0
105 6 -446.0
5 8 -428.0
105 6 -446.0
105 6 -446.0
215 16 -376.0
5 8 -428.0
105 6 -446.0
115 11 -411.0
90 9 -419.0
105 6 -446.0
205 73 -173.0
175 10 -410.0
100 33 -253.0
5 8 -428.0
120 10 -420.0
0 9 -419.0
110 19 -349.0
70 36 -196.0
5 8 -428.0
45 9 -419.0
250 11 -411.0
25 21 -361.0
205 13 -383.0
105 6 -446.0
105 6 -446.0
1465 60 -40.0
-10 35 -335.0
40 10 -410.0
5 8 -428.0
115 11 -411.0
85 10 -410.0
220 19 -329.0
-10 63 57.0
1140 71 -211.0
575 69 -59.0
1035 63 -203.0
-135 51 -191.0
505 66 -286.0
230 34 -244.0
210 29 -289.0
240 14 -424.0
175 10 -410.0
0 9 -419.0
95 8 -428.0
5 8 -428.0
45 9 -419.0
80 36 -276.0
5 8 -428.0
90 9 -419.0
815 58 292.0
175 10 -410.0
105 6 -446.0
40 10 -410.0
50 8 -428.0
220 13 -413.0
35 40 -220.0
55 10 -440.0
390 17 -367.0
805 62 228.0
90 9 -419.0
5 8 -428.0
90 9 -419.0
175 10 -410.0
220 10 -410.0
690 74 56.0
10 40 -200.0
170 16 -376.0
520 38 122.0
130 10 -410.0
-375 123 307.0
-65 36 -196.0
170 28 -298.0
460 55 -125.0
-10 28 -118.0
215 11 -401.0
105 6 -446.0
135 12 -422.0
395 114 -194.0
285 13 -393.0
245 85 125.0
320 13 -403.0
320 17 -347.0
135 21 -341.0
50 8 -428.0
395 21 -351.0
370 76 234.0
355 88 -58.0
25 54 -214.0
545 50 -110.0
10 7 -437.0
215 11 -401.0
415 22 -362.0
-15 61 -21.0
300 32 -292.0
-35 67 -317.0
45 19 -369.0
