2.118509726580554 1.8924122125632152 1.7563668122285676
2.276568903360368 1.9656197579251389 1.7554798273713896
2.392196826296632 2.04354810852519 1.8116490270373014
2.8149034830157627 2.1605180951584044 1.8338229250872455
3.5459376071738324 2.580875080209669 1.9156564079859197
4.1694338539628815 2.8312866554422533 1.8578498405834005
4.3552639040534515 2.975645142810996 1.879186800543265
4.4435430220293455 2.984326800359554 1.8669843948915734
4.4775859376746645 2.979185693203206 1.900664456165499
4.726380536372093 2.937554221345871 1.9140489871849202
4.679488536815226 3.0128732289531706 1.9099766574745822
5.295066861224807 3.2087517118141795 1.9166610518569414
5.659343199611919 3.3470436195689373 2.024525776943868
4.9505452815103865 3.235034291299994 1.9927112560259364
5.423530490846064 3.3598115731882974 1.8641926155690751
5.51737780716746 3.3785703268199563 1.9198600335588334
5.9367188677517895 3.5288192576733453 2.1550470378199553
5.940405692006523 3.3815835963586176 1.9124813611504492
5.403074704125539 3.2173284279969327 1.9757546581032617
5.572116325446333 3.3422776618639074 1.9373360389533016
6.471598085288191 3.256724439632037 1.8475371322258762
5.502702241034175 3.2522817563230064 1.866633656903201
5.836453962534404 3.5076107875801252 2.0255929163619855
5.975510259313144 3.419375204739615 1.8764470348191185
5.471466748093428 3.271460516921315 1.955282998084975
5.12078217252369 3.1345597330399033 1.861682191651904
