-20.8888888889 2 0.222222222222 8.44444444444 1.55555555556 0.207537147734 275.333333333
182.555555556 4 0.444444444444 10.5555555556 1.22222222222 0.189322100745 250.777777778
-76.7777777778 2 0.222222222222 13.1111111111 1.44444444444 0.180438783434 240.111111111
273.444444444 4 0.444444444444 8.0 1.55555555556 0.158038298289 207.666666667
163.333333333 3 0.333333333333 10.6666666667 1.55555555556 0.143846617805 180.0
117.333333333 3 0.333333333333 18.7777777778 1.55555555556 0.100357055664 122.666666667
-141.0 1 0.111111111111 22.7777777778 1.88888888889 0.079616493649 96.5555555556
491.444444444 6 0.666666666667 7.66666666667 1.33333333333 0.167219585843 215.222222222
-85.5555555556 2 0.222222222222 20.2222222222 1.44444444444 0.123075273302 155.555555556
-49.7777777778 2 0.222222222222 22.1111111111 1.55555555556 0.0990755822923 123.111111111
247.777777778 4 0.444444444444 14.1111111111 1.22222222222 0.163013696671 216.666666667
-344.777777778 0 0.0 33.2222222222 1.55555555556 0.0873470041487 107.0
-95.6666666667 2 0.222222222222 23.2222222222 1.44444444444 0.123469061322 157.888888889
337.222222222 5 0.555555555556 6.77777777778 1.55555555556 0.168198797438 222.777777778
346.888888889 5 0.555555555556 6.55555555556 1.33333333333 0.167322927051 215.333333333
60.5555555556 2 0.222222222222 8.88888888889 1.33333333333 0.144428332647 189.444444444
5.11111111111 2 0.222222222222 17.2222222222 1.44444444444 0.126437081231 161.555555556
-342.333333333 0 0.0 34.7777777778 1.88888888889 0.0573929680718 66.7777777778
-216.0 1 0.111111111111 27.6666666667 1.88888888889 0.0803229808807 100.444444444
-22.1111111111 2 0.222222222222 20.2222222222 1.77777777778 0.0941859351264 114.333333333
83.1111111111 2 0.222222222222 12.1111111111 1.66666666667 0.125679360496 156.888888889
105.666666667 3 0.333333333333 15.2222222222 1.22222222222 0.162096129523 214.333333333
89.6666666667 3 0.333333333333 19.3333333333 1.22222222222 0.0979145103031 122.555555556
-378.555555556 0 0.0 39.1111111111 1.88888888889 0.0515404807197 59.6666666667
-256.666666667 0 0.0 16.4444444444 1.55555555556 0.147902488708 186.666666667
-161.222222222 1 0.111111111111 13.6666666667 1.33333333333 0.144237544802 185.666666667
-260.222222222 0 0.0 26.4444444444 1.44444444444 0.0747938421037 90.2222222222
128.111111111 3 0.333333333333 13.7777777778 1.33333333333 0.124422656165 161.888888889
75.1111111111 3 0.333333333333 13.0 1.44444444444 0.135940472285 178.222222222
-64.6666666667 2 0.222222222222 16.8888888889 1.77777777778 0.130935059653 168.0
-375.444444444 0 0.0 36.1111111111 1.77777777778 0.054410510593 64.3333333333
274.555555556 4 0.444444444444 7.0 1.33333333333 0.170044740041 216.555555556
-223.555555556 1 0.111111111111 17.4444444444 1.44444444444 0.16379793485 210.222222222
70.3333333333 3 0.333333333333 20.8888888889 1.77777777778 0.083174890942 104.111111111
-135.333333333 1 0.111111111111 17.6666666667 1.55555555556 0.129402955373 164.222222222
-330.666666667 0 0.0 26.8888888889 1.66666666667 0.127065261205 156.222222222
-194.444444444 0 0.0 22.6666666667 1.66666666667 0.0861400498284 106.666666667
43.6666666667 2 0.222222222222 14.2222222222 1.33333333333 0.173318809933 219.666666667
273.0 4 0.444444444444 9.22222222222 1.55555555556 0.149935192532 195.888888889
-220.333333333 0 0.0 18.6666666667 1.77777777778 0.0863288508521 105.888888889
352.555555556 5 0.555555555556 7.55555555556 1.55555555556 0.167428096135 221.888888889
170.888888889 4 0.444444444444 14.2222222222 1.66666666667 0.153429349264 203.555555556
88.5555555556 3 0.333333333333 13.6666666667 1.22222222222 0.169776095284 224.777777778
69.2222222222 2 0.222222222222 10.2222222222 1.22222222222 0.149101999071 189.666666667
-41.3333333333 1 0.111111111111 18.3333333333 1.55555555556 0.102869934506 130.222222222
-383.888888889 0 0.0 39.6666666667 2.0 0.0338354110718 37.2222222222
-68.8888888889 2 0.222222222222 21.7777777778 1.33333333333 0.130339622498 167.777777778
-4.88888888889 2 0.222222222222 15.8888888889 1.66666666667 0.126058631473 162.666666667
-380.888888889 0 0.0 37.7777777778 2.0 0.0471777121226 53.1111111111
-380.777777778 0 0.0 42.2222222222 1.88888888889 0.0277276568943 30.7777777778
159.444444444 3 0.333333333333 15.5555555556 1.44444444444 0.110664394167 135.0
-71.1111111111 2 0.222222222222 22.2222222222 1.77777777778 0.0988456938002 121.111111111
-136.888888889 1 0.111111111111 22.8888888889 1.55555555556 0.0920158227285 113.555555556
72.4444444444 3 0.333333333333 16.7777777778 1.88888888889 0.124878962835 165.333333333
178.444444444 3 0.333333333333 11.0 1.22222222222 0.141938553916 183.777777778
-413.888888889 0 0.0 38.7777777778 1.88888888889 0.0666793187459 76.1111111111
6.55555555556 2 0.222222222222 10.4444444444 1.55555555556 0.142412026723 183.444444444
65.7777777778 3 0.333333333333 16.0 1.55555555556 0.139668941498 179.777777778
19.5555555556 2 0.222222222222 11.4444444444 1.55555555556 0.128468645944 160.444444444
200.555555556 4 0.444444444444 13.1111111111 1.77777777778 0.145284891129 185.0
-416.888888889 0 0.0 46.3333333333 1.88888888889 0.024128595988 25.7777777778
70.3333333333 3 0.333333333333 20.2222222222 1.44444444444 0.123456107246 155.222222222
-17.8888888889 2 0.222222222222 14.6666666667 1.55555555556 0.131174670325 165.666666667
-280.666666667 0 0.0 30.7777777778 1.66666666667 0.0741918351915 89.5555555556
-246.888888889 0 0.0 19.1111111111 1.66666666667 0.137160433663 172.444444444
204.888888889 4 0.444444444444 8.33333333333 1.22222222222 0.176749891705 228.444444444
131.333333333 3 0.333333333333 11.6666666667 1.55555555556 0.125301731957 157.555555556
-20.3333333333 2 0.222222222222 15.8888888889 1.33333333333 0.142180257373 178.111111111
55.6666666667 3 0.333333333333 17.8888888889 1.55555555556 0.133729987674 171.0
207.111111111 4 0.444444444444 12.6666666667 1.33333333333 0.182432333628 249.555555556
-146.444444444 1 0.111111111111 15.0 1.77777777778 0.142776224348 179.777777778
83.2222222222 3 0.333333333333 17.7777777778 1.55555555556 0.116937478383 144.555555556
20.4444444444 2 0.222222222222 18.4444444444 1.66666666667 0.10440296597 134.0
-80.3333333333 1 0.111111111111 17.5555555556 1.66666666667 0.122190554937 154.777777778
-48.1111111111 2 0.222222222222 19.7777777778 1.33333333333 0.0986701117622 122.555555556
-10.0 2 0.222222222222 18.1111111111 1.55555555556 0.134533988105 167.777777778
94.4444444444 3 0.333333333333 13.6666666667 1.55555555556 0.122027423647 152.222222222
-36.8888888889 2 0.222222222222 18.3333333333 1.55555555556 0.132740418116 170.222222222
21.3333333333 2 0.222222222222 14.1111111111 1.55555555556 0.119437906477 154.222222222
5.55555555556 2 0.222222222222 20.8888888889 1.55555555556 0.0819518831041 102.222222222
121.777777778 3 0.333333333333 13.2222222222 1.22222222222 0.139274968041 173.777777778
-133.888888889 1 0.111111111111 15.1111111111 1.55555555556 0.156877941555 210.555555556
453.333333333 6 0.666666666667 8.22222222222 1.66666666667 0.154195494122 203.333333333
-132.444444444 1 0.111111111111 14.6666666667 1.88888888889 0.117254416148 146.888888889
152.888888889 3 0.333333333333 13.0 1.22222222222 0.14725250668 189.333333333
-23.4444444444 2 0.222222222222 18.7777777778 1.88888888889 0.10497352812 130.111111111
-135.777777778 1 0.111111111111 16.5555555556 1.44444444444 0.12335091167 153.555555556
72.4444444444 2 0.222222222222 12.3333333333 1.55555555556 0.114517900679 143.111111111
218.777777778 4 0.444444444444 10.8888888889 1.55555555556 0.167730675803 211.222222222
192.444444444 4 0.444444444444 16.1111111111 1.33333333333 0.128589974509 163.111111111
-52.7777777778 2 0.222222222222 13.8888888889 1.44444444444 0.146320448981 186.111111111
-124.888888889 1 0.111111111111 21.0 1.66666666667 0.0981839762794 120.444444444
-1.0 2 0.222222222222 16.6666666667 1.66666666667 0.120129823685 151.0
-66.3333333333 1 0.111111111111 13.3333333333 1.44444444444 0.14402212037 183.0
-18.5555555556 2 0.222222222222 15.6666666667 1.55555555556 0.12700843811 156.333333333
211.0 4 0.444444444444 15.7777777778 1.66666666667 0.135954406526 170.111111111
-185.888888889 1 0.111111111111 19.8888888889 1.44444444444 0.133463833067 170.333333333
-35.6666666667 2 0.222222222222 24.1111111111 1.66666666667 0.0916380352444 111.222222222
221.444444444 4 0.444444444444 15.8888888889 1.55555555556 0.173052019543 225.222222222
-325.777777778 0 0.0 33.7777777778 1.77777777778 0.069551732805 82.4444444444
66.2222222222 3 0.333333333333 15.8888888889 1.77777777778 0.127287626266 158.222222222
-445.777777778 0 0.0 46.5555555556 2.0 0.0272626347012 30.2222222222
216.777777778 4 0.444444444444 14.2222222222 1.66666666667 0.122681379318 157.666666667
-164.333333333 1 0.111111111111 23.1111111111 1.55555555556 0.108902030521 138.777777778
-52.2222222222 2 0.222222222222 15.7777777778 1.55555555556 0.159991635217 211.111111111
-145.444444444 1 0.111111111111 21.0 1.77777777778 0.0769936773512 96.5555555556
224.333333333 4 0.444444444444 11.5555555556 1.33333333333 0.17190141148 221.222222222
-44.8888888889 2 0.222222222222 21.0 1.55555555556 0.12015109592 151.555555556
39.7777777778 2 0.222222222222 15.3333333333 1.22222222222 0.162927918964 212.444444444
-198.333333333 1 0.111111111111 19.6666666667 1.55555555556 0.165008995268 207.222222222
-39.4444444444 2 0.222222222222 15.4444444444 1.88888888889 0.12538599968 157.222222222
-175.111111111 1 0.111111111111 18.0 1.55555555556 0.135510894987 178.444444444
162.444444444 3 0.333333333333 5.88888888889 1.44444444444 0.142812199063 184.222222222
47.0 3 0.333333333333 18.4444444444 1.66666666667 0.151239103741 196.333333333
78.2222222222 3 0.333333333333 17.2222222222 1.55555555556 0.1229812834 155.111111111
-93.3333333333 1 0.111111111111 21.5555555556 1.44444444444 0.0850001706017 105.555555556
84.1111111111 3 0.333333333333 17.2222222222 1.44444444444 0.134220679601 171.444444444
-107.888888889 2 0.222222222222 15.1111111111 1.33333333333 0.191909896003 251.222222222
50.2222222222 3 0.333333333333 15.2222222222 1.77777777778 0.15885427263 203.111111111
-50.1111111111 2 0.222222222222 19.2222222222 1.66666666667 0.122307671441 152.333333333
-411.0 0 0.0 42.1111111111 2.0 0.035659233729 39.8888888889
-213.444444444 1 0.111111111111 22.2222222222 1.77777777778 0.122973097695 152.333333333
-204.111111111 1 0.111111111111 25.3333333333 1.55555555556 0.0890441205766 111.888888889
-40.6666666667 2 0.222222222222 20.7777777778 1.66666666667 0.101930644777 127.333333333
84.5555555556 2 0.222222222222 7.55555555556 1.11111111111 0.183541642295 245.444444444
14.4444444444 2 0.222222222222 10.2222222222 1.22222222222 0.189059389962 244.444444444
-14.5555555556 2 0.222222222222 12.3333333333 1.66666666667 0.129788398743 163.444444444
42.6666666667 3 0.333333333333 17.0 2.0 0.132629103131 170.666666667
118.666666667 3 0.333333333333 16.8888888889 1.33333333333 0.146315786574 184.666666667
155.666666667 3 0.333333333333 13.6666666667 1.33333333333 0.155146757762 202.111111111
96.0 2 0.222222222222 11.4444444444 1.22222222222 0.136218176948 172.888888889
-49.7777777778 2 0.222222222222 18.2222222222 1.55555555556 0.129723760817 162.0
-32.3333333333 2 0.222222222222 23.4444444444 1.44444444444 0.0948745409648 114.555555556
-75.4444444444 2 0.222222222222 20.2222222222 1.33333333333 0.132690297233 167.666666667
-40.5555555556 2 0.222222222222 14.7777777778 1.88888888889 0.145441982481 187.222222222
-31.3333333333 2 0.222222222222 12.0 1.33333333333 0.159603542752 205.777777778
288.555555556 4 0.444444444444 13.2222222222 1.33333333333 0.127677599589 162.555555556
105.777777778 2 0.222222222222 14.4444444444 1.33333333333 0.12477962176 155.333333333
-269.777777778 0 0.0 20.1111111111 1.88888888889 0.0984211762746 118.666666667
-20.7777777778 2 0.222222222222 16.2222222222 1.44444444444 0.136059655084 175.222222222
131.888888889 3 0.333333333333 13.6666666667 1.22222222222 0.160821755727 203.666666667
90.2222222222 3 0.333333333333 15.5555555556 1.55555555556 0.144782384237 182.0
61.6666666667 3 0.333333333333 16.0 1.66666666667 0.131321907043 161.666666667
145.333333333 3 0.333333333333 13.1111111111 1.44444444444 0.139259179433 173.555555556
-287.444444444 0 0.0 19.8888888889 1.66666666667 0.128283951018 160.777777778
-295.333333333 0 0.0 33.3333333333 1.77777777778 0.0481960508558 56.4444444444
-412.222222222 0 0.0 42.1111111111 2.0 0.0387723180983 41.1111111111
135.333333333 3 0.333333333333 10.2222222222 1.33333333333 0.148904217614 190.222222222
-403.555555556 0 0.0 37.0 1.77777777778 0.0729291968875 83.5555555556
19.0 2 0.222222222222 12.2222222222 1.33333333333 0.150234381358 197.666666667
280.555555556 4 0.444444444444 9.55555555556 1.44444444444 0.160057677163 207.222222222
-182.555555556 1 0.111111111111 23.6666666667 1.66666666667 0.104363891813 129.222222222
187.666666667 3 0.333333333333 10.5555555556 1.55555555556 0.125089724859 156.777777778
-356.111111111 0 0.0 32.3333333333 1.55555555556 0.0856778886583 105.0
66.8888888889 3 0.333333333333 10.8888888889 1.44444444444 0.193383481767 252.0
187.444444444 4 0.444444444444 15.7777777778 1.55555555556 0.131595399645 171.444444444
82.5555555556 3 0.333333333333 12.7777777778 1.44444444444 0.168248362011 217.444444444
94.5555555556 3 0.333333333333 17.7777777778 1.55555555556 0.121858464347 155.444444444
-272.222222222 0 0.0 22.3333333333 1.77777777778 0.11470691363 143.333333333
144.0 3 0.333333333333 10.5555555556 1.22222222222 0.171578539742 222.666666667
-362.0 0 0.0 29.0 1.88888888889 0.100060754352 122.0
-348.555555556 0 0.0 39.1111111111 1.88888888889 0.0268300109439 29.6666666667
116.666666667 3 0.333333333333 15.7777777778 1.22222222222 0.137461238437 175.555555556
1.77777777778 2 0.222222222222 8.66666666667 1.33333333333 0.188082880444 250.444444444
97.0 3 0.333333333333 14.1111111111 1.55555555556 0.132182810042 167.444444444
14.3333333333 2 0.222222222222 14.8888888889 1.44444444444 0.121158864763 153.444444444
76.7777777778 3 0.333333333333 13.4444444444 1.77777777778 0.132050779131 172.111111111
-316.666666667 0 0.0 23.2222222222 1.66666666667 0.109345197678 134.444444444
75.6666666667 3 0.333333333333 18.2222222222 1.33333333333 0.135219256083 169.888888889
-391.444444444 0 0.0 41.8888888889 1.88888888889 0.0392909579807 44.7777777778
6.55555555556 2 0.222222222222 15.5555555556 1.66666666667 0.105160183377 132.333333333
249.0 4 0.444444444444 6.55555555556 1.55555555556 0.172036859724 224.333333333
35.2222222222 2 0.222222222222 12.2222222222 1.22222222222 0.158449676302 203.666666667
-157.222222222 1 0.111111111111 11.4444444444 1.77777777778 0.173764838113 226.111111111
-99.4444444444 1 0.111111111111 16.6666666667 1.55555555556 0.109702666601 138.333333333
-147.333333333 1 0.111111111111 15.8888888889 1.11111111111 0.14787724283 194.0
-286.0 0 0.0 20.1111111111 1.88888888889 0.108547714021 134.888888889
117.222222222 3 0.333333333333 13.6666666667 1.66666666667 0.13820470704 173.888888889
-48.1111111111 2 0.222222222222 16.5555555556 1.55555555556 0.133958737055 177.0
251.555555556 4 0.444444444444 16.8888888889 1.55555555556 0.127332501941 162.888888889
14.5555555556 2 0.222222222222 16.0 1.77777777778 0.114655097326 142.111111111
-292.666666667 0 0.0 22.8888888889 1.33333333333 0.126844591565 158.222222222
56.4444444444 3 0.333333333333 18.8888888889 1.88888888889 0.125466903051 160.222222222
40.4444444444 3 0.333333333333 16.7777777778 1.66666666667 0.134489774704 175.111111111
6.77777777778 2 0.222222222222 20.3333333333 1.55555555556 0.102463430829 128.777777778
85.2222222222 3 0.333333333333 12.4444444444 1.44444444444 0.168408738242 218.111111111
-64.0 1 0.111111111111 12.4444444444 1.44444444444 0.148658275604 189.555555556
-28.3333333333 1 0.111111111111 13.8888888889 1.33333333333 0.14252477222 183.888888889
-18.8888888889 2 0.222222222222 13.1111111111 1.66666666667 0.143656492233 182.222222222
-272.222222222 0 0.0 24.3333333333 1.66666666667 0.0814845297072 101.111111111
113.333333333 3 0.333333333333 15.8888888889 1.77777777778 0.105908605787 133.333333333
-245.222222222 0 0.0 22.7777777778 1.66666666667 0.108464717865 134.111111111
-357.444444444 0 0.0 38.8888888889 1.77777777778 0.0363641844855 40.7777777778
-274.333333333 0 0.0 23.1111111111 1.44444444444 0.110952350828 137.666666667
-23.3333333333 2 0.222222222222 15.0 1.22222222222 0.148577504688 190.0
168.222222222 4 0.444444444444 14.2222222222 1.66666666667 0.144550296995 184.0
-165.111111111 1 0.111111111111 20.4444444444 1.55555555556 0.12916331821 166.222222222
-96.2222222222 2 0.222222222222 21.4444444444 1.55555555556 0.135723272959 176.222222222
-43.0 2 0.222222222222 22.6666666667 1.55555555556 0.121332062615 155.222222222
-44.3333333333 2 0.222222222222 18.4444444444 1.77777777778 0.105705314212 132.111111111
