33.6666666667 0 0.0 137.666666667 2.66666666667 1.61324103673 379.666666667
-340.666666667 0 0.0 200.666666667 4.0 0.546251058578 124.0
200.666666667 0 0.0 118.666666667 2.66666666667 1.88729198774 469.333333333
325.333333333 0 0.0 108.0 2.66666666667 1.54230880737 384.666666667
208.333333333 0 0.0 121.666666667 2.33333333333 1.74823609988 431.666666667
312.0 0 0.0 112.666666667 1.66666666667 1.63685464859 418.0
73.6666666667 0 0.0 108.0 2.0 2.51132877668 636.333333333
354.0 0 0.0 90.6666666667 2.66666666667 2.40206662814 596.0
-120.666666667 0 0.0 150.0 3.0 1.67934544881 410.666666667
81.3333333333 0 0.0 148.0 2.66666666667 1.19221576055 295.333333333
-9.66666666667 0 0.0 152.0 3.0 1.17430933317 279.666666667
29.3333333333 0 0.0 126.333333333 3.0 1.96503265699 497.333333333
9.0 0 0.0 139.666666667 2.66666666667 1.56072727839 384.333333333
636.333333333 0 0.0 66.0 1.0 2.71620663007 693.666666667
355.0 0 0.0 116.333333333 2.33333333333 1.64740562439 405.0
237.0 0 0.0 112.333333333 3.0 2.0291039149 496.333333333
153.0 0 0.0 126.666666667 2.66666666667 1.46784965197 370.333333333
193.0 0 0.0 104.666666667 2.66666666667 2.21283276876 550.333333333
-26.0 0 0.0 125.666666667 2.66666666667 2.21068175634 559.333333333
-130.0 0 0.0 179.0 3.33333333333 0.546468655268 130.0
160.333333333 0 0.0 122.0 2.33333333333 1.6741631031 409.666666667
-46.0 0 0.0 143.333333333 3.0 1.5915860335 402.666666667
21.0 0 0.0 143.666666667 2.0 1.32794125875 332.333333333
32.3333333333 0 0.0 147.0 3.0 1.20670700073 287.666666667
-171.0 0 0.0 179.0 4.0 0.732079664866 171.0
30.6666666667 0 0.0 132.333333333 2.33333333333 1.68888926506 436.0
343.333333333 0 0.0 117.0 3.0 1.35797262192 343.333333333
-413.666666667 0 0.0 210.333333333 4.0 0.432019392649 100.333333333
257.333333333 0 0.0 77.3333333333 1.66666666667 3.21206363042 826.0
269.666666667 0 0.0 94.6666666667 2.33333333333 2.51075402896 640.333333333
-23.3333333333 0 0.0 157.666666667 2.66666666667 0.956109046936 236.666666667
175.0 0 0.0 104.666666667 1.66666666667 2.4740366141 635.0
176.333333333 0 0.0 95.6666666667 2.0 2.54333806038 657.0
325.333333333 0 0.0 108.666666667 2.33333333333 1.75737007459 444.666666667
-411.666666667 0 0.0 210.333333333 4.0 0.42523598671 98.3333333333
164.0 0 0.0 131.333333333 2.66666666667 1.27311952909 312.666666667
69.6666666667 0 0.0 141.666666667 3.0 1.21716006597 303.666666667
240.333333333 0 0.0 127.0 3.0 1.38394737244 346.333333333
-407.666666667 0 0.0 210.666666667 4.0 0.390836238861 91.0
169.333333333 0 0.0 130.0 2.0 1.54884505272 387.333333333
115.666666667 0 0.0 142.666666667 3.33333333333 1.26869169871 314.333333333
48.6666666667 0 0.0 160.666666667 3.33333333333 0.837912321091 201.333333333
60.0 0 0.0 142.666666667 2.66666666667 1.23452417056 303.333333333
186.0 0 0.0 120.0 2.66666666667 1.82117295265 470.666666667
325.666666667 0 0.0 63.6666666667 1.33333333333 3.20217998823 827.666666667
73.6666666667 0 0.0 139.666666667 3.0 1.47668997447 386.333333333
139.0 0 0.0 101.333333333 2.0 2.79904707273 704.333333333
-42.6666666667 0 0.0 162.0 3.0 0.880929470062 212.666666667
193.0 0 0.0 102.666666667 2.33333333333 2.4481912454 637.0
500.333333333 0 0.0 57.6666666667 1.33333333333 3.79780928294 979.666666667
-164.8 1 0.1 20.7 1.5 16.8197278023 147.8
