-126.833333333 0 0.0 38.3333333333 1.33333333333 0.253755847613 246.833333333
-41.6666666667 1 0.166666666667 37.6666666667 1.0 0.36975979805 368.333333333
-330.333333333 0 0.0 31.6666666667 0.666666666667 0.48253039519 483.666666667
-21.5 1 0.166666666667 22.0 0.833333333333 0.445118506749 438.166666667
-260.166666667 0 0.0 13.6666666667 0.333333333333 0.675469835599 660.166666667
-146.666666667 0 0.0 17.6666666667 0.833333333333 0.471025029818 473.333333333
-243.833333333 0 0.0 45.5 1.0 0.309998671214 292.166666667
-65.8333333333 1 0.166666666667 23.3333333333 0.833333333333 0.498894969622 502.5
-190.666666667 0 0.0 29.5 0.666666666667 0.439627806346 432.333333333
-198.666666667 0 0.0 34.6666666667 1.0 0.332001725833 322.0
-90.1666666667 1 0.166666666667 27.5 0.666666666667 0.47288787365 485.166666667
-276.0 0 0.0 30.5 0.833333333333 0.451802651087 441.0
-203.833333333 1 0.166666666667 30.3333333333 0.5 0.552566488584 537.166666667
-90.5 0 0.0 30.0 0.833333333333 0.341335852941 327.166666667
-377.833333333 0 0.0 64.3333333333 2.0 0.241013884544 204.5
-208.5 0 0.0 42.8333333333 1.16666666667 0.266824881236 250.166666667
-47.0 0 0.0 30.5 0.833333333333 0.30071802934 278.666666667
-391.333333333 0 0.0 82.8333333333 2.0 0.0428704023361 33.0
-303.0 0 0.0 73.6666666667 1.66666666667 0.0861821174622 69.6666666667
-308.5 0 0.0 75.1666666667 1.83333333333 0.0733265082041 60.1666666667
-0.833333333333 1 0.166666666667 27.0 0.666666666667 0.382198770841 367.5
-309.5 0 0.0 69.8333333333 1.5 0.0982563098272 81.1666666667
-305.333333333 0 0.0 49.6666666667 1.33333333333 0.329833626747 312.0
58.0 1 0.166666666667 15.1666666667 0.5 0.469452301661 460.333333333
-220.833333333 0 0.0 34.3333333333 0.666666666667 0.420020341873 414.166666667
-219.666666667 0 0.0 28.1666666667 0.833333333333 0.446543971697 441.333333333
-404.833333333 0 0.0 82.1666666667 1.5 0.103356440862 86.5
-117.833333333 1 0.166666666667 29.8333333333 0.666666666667 0.48937980334 489.5
-459.333333333 0 0.0 87.6666666667 2.0 0.0644059181213 52.6666666667
-154.5 0 0.0 26.5 0.666666666667 0.463784615199 459.5
-110.0 1 0.166666666667 37.5 1.0 0.392371177673 371.666666667
-140.833333333 0 0.0 17.1666666667 0.5 0.486477931341 472.5
-210.166666667 0 0.0 36.1666666667 1.0 0.391868472099 385.166666667
-134.5 1 0.166666666667 48.6666666667 1.16666666667 0.299373984337 284.5
-233.5 1 0.166666666667 20.1666666667 0.5 0.676125804583 668.5
96.8333333333 2 0.333333333333 21.1666666667 0.666666666667 0.513167023659 528.166666667
-187.166666667 1 0.166666666667 31.3333333333 0.833333333333 0.548330108325 543.833333333
-117.333333333 0 0.0 34.1666666667 0.833333333333 0.361443400383 345.666666667
-96.6666666667 0 0.0 45.6666666667 1.0 0.256434202194 243.333333333
-92.8333333333 1 0.166666666667 5.83333333333 0.0 0.663244843483 671.166666667
-439.333333333 0 0.0 85.8333333333 2.0 0.0643838246663 51.0
-279.166666667 0 0.0 33.1666666667 0.666666666667 0.432523528735 417.5
78.5 1 0.166666666667 37.1666666667 1.33333333333 0.237045844396 219.833333333
-346.0 0 0.0 77.8333333333 1.33333333333 0.0879858334859 71.0
-130.833333333 0 0.0 14.6666666667 0.333333333333 0.611894011497 620.833333333
-124.5 0 0.0 35.5 1.16666666667 0.323443373044 306.166666667
-245.833333333 0 0.0 54.0 1.5 0.190523107847 175.833333333
-367.833333333 0 0.0 70.3333333333 1.66666666667 0.158938487371 134.5
-286.166666667 0 0.0 35.1666666667 1.0 0.447827021281 437.833333333
-138.333333333 0 0.0 30.0 1.0 0.324390808741 308.333333333
-379.5 0 0.0 74.5 1.66666666667 0.125395337741 104.5
38.3333333333 2 0.333333333333 25.5 0.833333333333 0.505819678307 510.0
-42.5 1 0.166666666667 12.5 0.5 0.603825370471 620.833333333
-105.666666667 0 0.0 32.0 0.666666666667 0.337480942408 322.333333333
198.166666667 1 0.166666666667 9.33333333333 0.666666666667 0.449125488599 445.166666667
-359.833333333 0 0.0 74.8333333333 2.0 0.0989249944687 81.5
27.6666666667 1 0.166666666667 34.5 0.833333333333 0.280420740445 264.0
-77.8333333333 1 0.166666666667 15.0 0.333333333333 0.595819830894 597.833333333
-152.666666667 0 0.0 37.3333333333 1.16666666667 0.303541620572 282.666666667
-348.666666667 0 0.0 70.5 1.66666666667 0.171167095502 147.0
-344.666666667 0 0.0 44.8333333333 1.33333333333 0.369479338328 366.333333333
-52.8333333333 1 0.166666666667 33.6666666667 1.0 0.381857315699 386.166666667
-345.666666667 0 0.0 40.8333333333 1.16666666667 0.409424265226 407.333333333
-244.0 0 0.0 37.5 1.0 0.367663860321 339.0
-343.166666667 0 0.0 75.3333333333 1.83333333333 0.0749934514364 59.8333333333
-250.166666667 1 0.166666666667 37.1666666667 0.833333333333 0.505383094152 515.166666667
-272.0 0 0.0 50.1666666667 1.33333333333 0.296312133471 273.666666667
-532.333333333 0 0.0 28.5 0.5 0.743151624997 750.666666667
-417.666666667 0 0.0 81.0 1.83333333333 0.0958680311839 77.6666666667
-76.5 1 0.166666666667 14.1666666667 0.5 0.592234373093 604.833333333
-1.0 1 0.166666666667 23.5 0.5 0.501761833827 502.666666667
-257.0 0 0.0 69.8333333333 1.5 0.109883666039 95.3333333333
-162.0 0 0.0 36.1666666667 0.666666666667 0.327791253726 303.666666667
-157.333333333 0 0.0 28.6666666667 0.833333333333 0.363662838936 340.666666667
-157.333333333 0 0.0 25.5 0.666666666667 0.419932126999 405.666666667
-240.0 0 0.0 50.6666666667 1.0 0.260380506516 236.666666667
-294.5 0 0.0 48.1666666667 1.33333333333 0.291724642118 282.833333333
-209.5 0 0.0 25.8333333333 0.666666666667 0.426883339882 421.166666667
-30.5 0 0.0 22.0 0.5 0.322421232859 313.833333333
-324.333333333 1 0.166666666667 25.8333333333 0.833333333333 0.812093377113 802.666666667
-198.833333333 0 0.0 27.1666666667 0.666666666667 0.437114636103 430.5
-294.833333333 0 0.0 69.3333333333 1.66666666667 0.125051339467 104.833333333
-137.166666667 1 0.166666666667 45.5 1.16666666667 0.361180146535 352.166666667
-137.5 0 0.0 30.5 0.5 0.299843947093 285.833333333
-342.666666667 0 0.0 39.0 0.666666666667 0.463484565417 456.0
-319.5 0 0.0 43.6666666667 1.16666666667 0.384399692218 386.166666667
-215.333333333 1 0.166666666667 22.0 0.666666666667 0.662576317787 665.333333333
-41.5 0 0.0 26.8333333333 1.0 0.291408538818 276.5
401.166666667 3 0.5 12.1666666667 0.333333333333 0.563304901123 580.5
-211.833333333 0 0.0 45.5 1.33333333333 0.280548373858 260.166666667
-50.8333333333 1 0.166666666667 22.8333333333 0.5 0.482106963793 459.166666667
-223.833333333 1 0.166666666667 39.0 1.0 0.455826600393 470.5
-258.0 0 0.0 11.0 0.666666666667 0.600883404414 618.0
-275.5 0 0.0 35.0 1.0 0.421893517176 395.5
-352.666666667 0 0.0 24.6666666667 0.5 0.615422964096 609.333333333
-275.833333333 0 0.0 49.0 1.16666666667 0.282676259677 255.833333333
-174.333333333 0 0.0 36.6666666667 0.666666666667 0.399386843046 377.666666667
-223.666666667 0 0.0 55.6666666667 1.5 0.215944170952 203.666666667
-322.833333333 0 0.0 59.5 1.33333333333 0.253274480502 231.166666667
-97.5 1 0.166666666667 19.0 0.5 0.666700045268 644.166666667
