2.436228054810161 2.227593489877669 2.1004932471815905
2.55084686540707 2.3250284116279687 2.158380689579176
3.001738091823842 2.4612917898924143 2.238787678894643
2.8675384807904316 2.45856555299178 2.206705783814223
3.842498599019732 2.6271156818688235 2.242684324223782
4.2665972018107725 2.8610050779353804 2.2261609862925846
4.935219991397945 3.2487265397087293 2.2635833049613514
5.5365183855710525 3.3855664715261806 2.2343488606241886
5.1294924798025985 3.2446316473670618 2.3493047119630988
4.879733724376873 3.2614207099281987 2.250702378079837
5.224269576560976 3.6346945644728037 2.5207952454505085
5.172146633700213 3.3701022035389343 2.2381952452810148
4.969252018926727 3.3776154600791664 2.2418396798917
5.550394167453698 3.4603484688817794 2.269908204649925
4.950959917112004 3.3367586296380383 2.2499019933518825
4.927533911803181 3.440543258959439 2.293047936919195
4.834425143094734 3.311517840405605 2.3602679295888764
5.53536535959024 3.4232730515521257 2.3732497834388706
5.365696653679493 3.5239433293501388 2.3923247957389866
5.208619403561815 3.6683432514465553 2.413767882170781
5.162112474210659 3.444950499638513 2.33742571423046
5.7304332888403335 3.503595724304786 2.380232406576068
5.515459867150986 3.4730704116495725 2.3110982977258745
5.36126162070021 3.568816632435461 2.2691151929905304
5.57827840862433 3.485145307347999 2.2304507524855888
5.098554977637928 3.290046472128202 2.2635747733015243
5.370248619761269 3.533714063157152 2.328396308103793
6.112913729206378 3.465404512075845 2.4057405224933155
6.092187281154439 3.53688005650728 2.303382330828886
4.889735465972922 3.3638491603597642 2.3484229994767607
5.111280445749577 3.4749392905759953 2.4525801041581548
5.550675598017484 3.4327280942817793 2.303274730037474
5.137055502628208 3.3717469000038687 2.2789785603301698
5.916605039524623 3.3597400360946863 2.3132035847250663
5.149166909055882 3.3593774366954534 2.2874595737408407
4.542413678185461 3.10898977158637 2.335602429143094
5.753137509074869 3.6123706864526417 2.345804172137798
5.49244503359538 3.3842171109294 2.3594810362984178
4.844938086654225 3.314040494561921 2.3604615189962517
5.313486366096396 3.430484533446295 2.329523429588085
5.2619045177987624 3.291869024677068 2.2459168394114535
5.028302278963013 3.345623425021388 2.366407376501363
5.276514700626299 3.487883900628957 2.2986108602453443
5.2850244586419635 3.4094256092541992 2.332554870296805
5.008631047759029 3.2413206120613243 2.3268333862612183
5.1322233871722025 3.359509336380495 2.275297714424711
5.115591941419692 3.409441298762658 2.3080082463033813
5.284595737730298 3.4644145181697734 2.399573409354291
