1.6646288209611986 1.1975335070904733 0.7565062523592899
1.916011644830941 1.4036663444244168 0.8394855671400506
1.9125181950497816 1.4332479206860582 0.6550579517356925
2.08653566229819 1.5302280355573883 0.9561647747628349
2.448544395923668 1.572176623010856 0.9390107658756424
2.49621542940262 1.659470685774144 1.050764784680386
2.46521106258912 1.835501222401697 1.2312401657698913
2.468850072780786 1.767033915193587 1.215159824944213
2.7331149927212226 1.7702140609316785 1.0458745284557556
2.6853711790391026 1.801701572014112 1.3296943231443539
2.549272197962096 1.7729532153456742 1.165267233522846
2.719286754001423 1.9047016011634608 1.3556768558929497
2.6783842794764823 2.036439680199327 1.4462745312511598
3.128093158661236 2.1169203194570168 1.274952830670499
2.947234352256919 2.15967248908288 1.5061863173197751
3.0556768558959955 2.158486171761353 1.4057496360978168
2.8126637554582663 2.1131877729259094 1.556186317321522
2.589155749635932 1.8844880944045874 1.2328253294167193
2.8029112081514653 2.0086842207308417 1.2479047982793496
2.8494905385734497 2.1574971474103024 1.4417109209726167
2.953275109170081 2.0273880636015926 1.322934493364396
3.143959243086089 2.1908772064608266 1.2203441170098936
2.9618631732169183 2.067100785212239 1.3246468623138017
3.298544395924467 2.1587094038894175 1.387166819094972
3.1254002911204237 2.056048441765921 1.108228231343253
3.4060407569138365 2.393013100436514 1.6724163027658143
3.1361717612809734 2.242460465806452 1.441198544523058
3.2776564774387027 2.1845783985685854 1.1514911133130206
3.3427947598249785 2.2212666670486936 1.3521135409334017
3.8877001455603244 2.341098574245229 1.2827292608200216
3.749708879184903 2.3295895782692675 1.3485886502294118
3.2787481804947722 2.3578820960698907 1.5432314410487837
3.2780203784576414 2.2214790974747736 1.4051839878483807
3.721470160116207 2.427608295799328 1.3995181836083261
3.012809315865951 2.1481099874659146 1.3166166141030653
3.9006550218341864 2.2520327796066115 1.2960192079958504
3.2767831149926137 2.236738516288203 1.222843678166922
4.1510189228533285 2.257717816861256 1.271792433528391
