2.3333618671788257 2.03663201116234 1.8546077204234943
2.5653446984263657 2.172034267539521 1.8822953425122246
2.7303989968444555 2.3239054034891016 2.0402055288161707
2.950352553092899 2.3032083688971805 1.9408266351393302
3.414750668436659 2.419763610883547 1.9739480266060827
3.47983711269068 2.6421811341442374 2.0036087225620043
3.5176697248978583 2.770734946339011 2.0982263429369867
3.892394468704554 2.766041221410465 1.9892321577241812
4.27668660596302 3.084939595927549 2.3094669682137736
4.521579330421884 3.0788783247710723 1.9712011744016187
4.898944687045339 3.033952299021751 2.205159818588111
4.871724890829371 3.1906021368832684 2.179731442001535
4.964960696464706 3.179999417790104 2.1051935978848837
5.858242358078802 3.489544875472622 2.0757007257045013
5.462637552042253 3.630146462952121 2.358287196978667
6.772088791848584 3.9202208039645967 2.3903877676489644
