2.89772046358 8 21 12 15 16 5 13 6 7 0.421929987938 0.353460060352 0.0667384476354 0.157871504075 0.328818356975 0.333178573374 0.0361600890738 0.301842980577 0.862569864247 0.0255525245348 0.023853544576 0.0880240666419 0.0804405835875 0.873399112079 0.0283478621861 0.0178124421473 0.682138762312 0.224285104203 0.0210142402553 0.0725618932291 0.234257756383 0.228116738622 0.0410426971093 0.496582807885 0.303112865069 0.057941234514 0.152297482382 0.486648418035 0.926141887583 0.0538702426554 0.0162751552073 0.00371271455456 
2.38292363514 8 21 12 15 16 5 13 6 7 0.421929987938 0.353460060352 0.0667384476354 0.157871504075 0.328818356975 0.333178573374 0.0361600890738 0.301842980577 0.862569864247 0.0255525245348 0.023853544576 0.0880240666419 0.0804405835875 0.873399112079 0.0283478621861 0.0178124421473 0.682138762312 0.224285104203 0.0210142402553 0.0725618932291 0.234257756383 0.228116738622 0.0410426971093 0.496582807885 0.303112865069 0.057941234514 0.152297482382 0.486648418035 0.926141887583 0.0538702426554 0.0162751552073 0.00371271455456 
2.89772046358 8 21 12 15 16 5 13 6 7 0.421929987938 0.353460060352 0.0667384476354 0.157871504075 0.328818356975 0.333178573374 0.0361600890738 0.301842980577 0.862569864247 0.0255525245348 0.023853544576 0.0880240666419 0.0804405835875 0.873399112079 0.0283478621861 0.0178124421473 0.682138762312 0.224285104203 0.0210142402553 0.0725618932291 0.234257756383 0.228116738622 0.0410426971093 0.496582807885 0.303112865069 0.057941234514 0.152297482382 0.486648418035 0.926141887583 0.0538702426554 0.0162751552073 0.00371271455456 
2.38292363514 8 21 12 15 16 5 13 6 7 0.421929987938 0.353460060352 0.0667384476354 0.157871504075 0.328818356975 0.333178573374 0.0361600890738 0.301842980577 0.862569864247 0.0255525245348 0.023853544576 0.0880240666419 0.0804405835875 0.873399112079 0.0283478621861 0.0178124421473 0.682138762312 0.224285104203 0.0210142402553 0.0725618932291 0.234257756383 0.228116738622 0.0410426971093 0.496582807885 0.303112865069 0.057941234514 0.152297482382 0.486648418035 0.926141887583 0.0538702426554 0.0162751552073 0.00371271455456 
2.89772046358 8 21 12 15 16 5 13 6 7 0.421929987938 0.353460060352 0.0667384476354 0.157871504075 0.328818356975 0.333178573374 0.0361600890738 0.301842980577 0.862569864247 0.0255525245348 0.023853544576 0.0880240666419 0.0804405835875 0.873399112079 0.0283478621861 0.0178124421473 0.682138762312 0.224285104203 0.0210142402553 0.0725618932291 0.234257756383 0.228116738622 0.0410426971093 0.496582807885 0.303112865069 0.057941234514 0.152297482382 0.486648418035 0.926141887583 0.0538702426554 0.0162751552073 0.00371271455456 
2.38292363514 8 21 12 15 16 5 13 6 7 0.421929987938 0.353460060352 0.0667384476354 0.157871504075 0.328818356975 0.333178573374 0.0361600890738 0.301842980577 0.862569864247 0.0255525245348 0.023853544576 0.0880240666419 0.0804405835875 0.873399112079 0.0283478621861 0.0178124421473 0.682138762312 0.224285104203 0.0210142402553 0.0725618932291 0.234257756383 0.228116738622 0.0410426971093 0.496582807885 0.303112865069 0.057941234514 0.152297482382 0.486648418035 0.926141887583 0.0538702426554 0.0162751552073 0.00371271455456 
2.38292363514 8 21 12 15 16 5 13 6 7 0.421929987938 0.353460060352 0.0667384476354 0.157871504075 0.328818356975 0.333178573374 0.0361600890738 0.301842980577 0.862569864247 0.0255525245348 0.023853544576 0.0880240666419 0.0804405835875 0.873399112079 0.0283478621861 0.0178124421473 0.682138762312 0.224285104203 0.0210142402553 0.0725618932291 0.234257756383 0.228116738622 0.0410426971093 0.496582807885 0.303112865069 0.057941234514 0.152297482382 0.486648418035 0.926141887583 0.0538702426554 0.0162751552073 0.00371271455456 
2.38292363514 8 21 12 15 16 5 13 6 7 0.421929987938 0.353460060352 0.0667384476354 0.157871504075 0.328818356975 0.333178573374 0.0361600890738 0.301842980577 0.862569864247 0.0255525245348 0.023853544576 0.0880240666419 0.0804405835875 0.873399112079 0.0283478621861 0.0178124421473 0.682138762312 0.224285104203 0.0210142402553 0.0725618932291 0.234257756383 0.228116738622 0.0410426971093 0.496582807885 0.303112865069 0.057941234514 0.152297482382 0.486648418035 0.926141887583 0.0538702426554 0.0162751552073 0.00371271455456 
2.89772046358 8 21 12 15 16 5 13 6 7 0.421929987938 0.353460060352 0.0667384476354 0.157871504075 0.328818356975 0.333178573374 0.0361600890738 0.301842980577 0.862569864247 0.0255525245348 0.023853544576 0.0880240666419 0.0804405835875 0.873399112079 0.0283478621861 0.0178124421473 0.682138762312 0.224285104203 0.0210142402553 0.0725618932291 0.234257756383 0.228116738622 0.0410426971093 0.496582807885 0.303112865069 0.057941234514 0.152297482382 0.486648418035 0.926141887583 0.0538702426554 0.0162751552073 0.00371271455456 
2.38292363514 8 21 12 15 16 5 13 6 7 0.421929987938 0.353460060352 0.0667384476354 0.157871504075 0.328818356975 0.333178573374 0.0361600890738 0.301842980577 0.862569864247 0.0255525245348 0.023853544576 0.0880240666419 0.0804405835875 0.873399112079 0.0283478621861 0.0178124421473 0.682138762312 0.224285104203 0.0210142402553 0.0725618932291 0.234257756383 0.228116738622 0.0410426971093 0.496582807885 0.303112865069 0.057941234514 0.152297482382 0.486648418035 0.926141887583 0.0538702426554 0.0162751552073 0.00371271455456 
2.89772046358 8 21 12 15 16 5 13 6 7 0.421929987938 0.353460060352 0.0667384476354 0.157871504075 0.328818356975 0.333178573374 0.0361600890738 0.301842980577 0.862569864247 0.0255525245348 0.023853544576 0.0880240666419 0.0804405835875 0.873399112079 0.0283478621861 0.0178124421473 0.682138762312 0.224285104203 0.0210142402553 0.0725618932291 0.234257756383 0.228116738622 0.0410426971093 0.496582807885 0.303112865069 0.057941234514 0.152297482382 0.486648418035 0.926141887583 0.0538702426554 0.0162751552073 0.00371271455456 
2.38292363514 8 21 12 15 16 5 13 6 7 0.421929987938 0.353460060352 0.0667384476354 0.157871504075 0.328818356975 0.333178573374 0.0361600890738 0.301842980577 0.862569864247 0.0255525245348 0.023853544576 0.0880240666419 0.0804405835875 0.873399112079 0.0283478621861 0.0178124421473 0.682138762312 0.224285104203 0.0210142402553 0.0725618932291 0.234257756383 0.228116738622 0.0410426971093 0.496582807885 0.303112865069 0.057941234514 0.152297482382 0.486648418035 0.926141887583 0.0538702426554 0.0162751552073 0.00371271455456 
2.38292363514 8 21 12 15 16 5 13 6 7 0.421929987938 0.353460060352 0.0667384476354 0.157871504075 0.328818356975 0.333178573374 0.0361600890738 0.301842980577 0.862569864247 0.0255525245348 0.023853544576 0.0880240666419 0.0804405835875 0.873399112079 0.0283478621861 0.0178124421473 0.682138762312 0.224285104203 0.0210142402553 0.0725618932291 0.234257756383 0.228116738622 0.0410426971093 0.496582807885 0.303112865069 0.057941234514 0.152297482382 0.486648418035 0.926141887583 0.0538702426554 0.0162751552073 0.00371271455456 
2.38292363514 8 21 12 15 16 5 13 6 7 0.421929987938 0.353460060352 0.0667384476354 0.157871504075 0.328818356975 0.333178573374 0.0361600890738 0.301842980577 0.862569864247 0.0255525245348 0.023853544576 0.0880240666419 0.0804405835875 0.873399112079 0.0283478621861 0.0178124421473 0.682138762312 0.224285104203 0.0210142402553 0.0725618932291 0.234257756383 0.228116738622 0.0410426971093 0.496582807885 0.303112865069 0.057941234514 0.152297482382 0.486648418035 0.926141887583 0.0538702426554 0.0162751552073 0.00371271455456 
2.38292363514 8 21 12 15 16 10 13 6 7 0.550824787513 0.00513586999543 0.253947498812 0.190091843679 0.941283424333 0.00500396952205 0.0280933855477 0.0256192205974 0.862569864247 0.0255525245348 0.023853544576 0.0880240666419 0.804404366148 0.0643139963687 0.109715608265 0.0215660292178 0.682138762312 0.224285104203 0.0210142402553 0.0725618932291 0.966342022248 0.0110682087531 0.0092875962948 0.0133021727045 0.303112865069 0.057941234514 0.152297482382 0.486648418035 0.774512745554 0.0848657065149 0.128003971533 0.0126175763978 
2.89772046358 8 21 12 15 16 5 13 6 7 0.421929987938 0.353460060352 0.0667384476354 0.157871504075 0.328818356975 0.333178573374 0.0361600890738 0.301842980577 0.862569864247 0.0255525245348 0.023853544576 0.0880240666419 0.0804405835875 0.873399112079 0.0283478621861 0.0178124421473 0.682138762312 0.224285104203 0.0210142402553 0.0725618932291 0.234257756383 0.228116738622 0.0410426971093 0.496582807885 0.303112865069 0.057941234514 0.152297482382 0.486648418035 0.926141887583 0.0538702426554 0.0162751552073 0.00371271455456 
2.38292363514 8 21 12 15 16 5 13 6 7 0.421929987938 0.353460060352 0.0667384476354 0.157871504075 0.328818356975 0.333178573374 0.0361600890738 0.301842980577 0.862569864247 0.0255525245348 0.023853544576 0.0880240666419 0.0804405835875 0.873399112079 0.0283478621861 0.0178124421473 0.682138762312 0.224285104203 0.0210142402553 0.0725618932291 0.234257756383 0.228116738622 0.0410426971093 0.496582807885 0.303112865069 0.057941234514 0.152297482382 0.486648418035 0.926141887583 0.0538702426554 0.0162751552073 0.00371271455456 
2.08161760552 9 17 1 15 11 6 6 6 7 0.586938031379 0.136657064607 0.0333174957421 0.243087408272 0.753890664628 0.0434604198745 0.125358919265 0.0772899962323 0.750710303625 0.224596981102 0.00392589040464 0.0207668248687 0.0804405835875 0.873399112079 0.0283478621861 0.0178124421473 0.682138762312 0.224285104203 0.0210142402553 0.0725618932291 0.234257756383 0.228116738622 0.0410426971093 0.496582807885 0.511704207747 0.0467233954723 0.207620067968 0.233952328812 0.244598271262 0.593472056731 0.0111729565018 0.150756715505 
2.38292363514 8 6 14 15 6 5 9 6 7 0.421929987938 0.353460060352 0.0667384476354 0.157871504075 0.201693958815 0.590850540383 0.130579572174 0.076875928628 0.859195381726 0.10205724914 0.0221883534559 0.0165590156782 0.0804405835875 0.873399112079 0.0283478621861 0.0178124421473 0.579811886873 0.0117317656482 0.11828105886 0.290175288619 0.234257756383 0.228116738622 0.0410426971093 0.496582807885 0.621825463535 0.0771372055071 0.0270442435857 0.273993087372 0.562367161077 0.199258050626 0.220450863462 0.0179239248346 
0.591719794371 10 21 12 15 16 13 13 6 17 0.421929987938 0.353460060352 0.0667384476354 0.157871504075 0.328818356975 0.333178573374 0.0361600890738 0.301842980577 0.862569864247 0.0255525245348 0.023853544576 0.0880240666419 0.0804405835875 0.873399112079 0.0283478621861 0.0178124421473 0.682138762312 0.224285104203 0.0210142402553 0.0725618932291 0.417026171762 0.0328031111129 0.423489225096 0.126681492029 0.303112865069 0.057941234514 0.152297482382 0.486648418035 0.926141887583 0.0538702426554 0.0162751552073 0.00371271455456 
2.38292363514 8 21 12 15 16 5 13 6 7 0.421929987938 0.353460060352 0.0667384476354 0.157871504075 0.328818356975 0.333178573374 0.0361600890738 0.301842980577 0.862569864247 0.0255525245348 0.023853544576 0.0880240666419 0.0804405835875 0.873399112079 0.0283478621861 0.0178124421473 0.682138762312 0.224285104203 0.0210142402553 0.0725618932291 0.234257756383 0.228116738622 0.0410426971093 0.496582807885 0.303112865069 0.057941234514 0.152297482382 0.486648418035 0.926141887583 0.0538702426554 0.0162751552073 0.00371271455456 
2.38292363514 25 21 12 15 9 5 18 2 7 0.421929987938 0.353460060352 0.0667384476354 0.157871504075 0.328818356975 0.333178573374 0.0361600890738 0.301842980577 0.862569864247 0.0255525245348 0.023853544576 0.0880240666419 0.0804405835875 0.873399112079 0.0283478621861 0.0178124421473 0.682138762312 0.224285104203 0.0210142402553 0.0725618932291 0.313589399543 0.103471414815 0.183051609728 0.399887575914 0.804255955042 0.0260368934355 0.0406693215234 0.129037829999 0.926141887583 0.0538702426554 0.0162751552073 0.00371271455456 
2.38292363514 13 21 12 15 22 5 0 6 7 0.315620363314 0.336010594451 0.0760267887622 0.272342253472 0.329654869756 0.0924045343102 0.382071863148 0.195868732786 0.862569864247 0.0255525245348 0.023853544576 0.0880240666419 0.156532723489 0.561273783593 0.0682874641587 0.213906028759 0.682138762312 0.224285104203 0.0210142402553 0.0725618932291 0.234257756383 0.228116738622 0.0410426971093 0.496582807885 0.303112865069 0.057941234514 0.152297482382 0.486648418035 0.926141887583 0.0538702426554 0.0162751552073 0.00371271455456 
2.38292363514 8 21 12 15 16 5 13 6 7 0.421929987938 0.353460060352 0.0667384476354 0.157871504075 0.328818356975 0.333178573374 0.0361600890738 0.301842980577 0.862569864247 0.0255525245348 0.023853544576 0.0880240666419 0.0804405835875 0.873399112079 0.0283478621861 0.0178124421473 0.682138762312 0.224285104203 0.0210142402553 0.0725618932291 0.234257756383 0.228116738622 0.0410426971093 0.496582807885 0.303112865069 0.057941234514 0.152297482382 0.486648418035 0.926141887583 0.0538702426554 0.0162751552073 0.00371271455456 
2.38292363514 8 21 12 15 16 5 13 6 7 0.421929987938 0.353460060352 0.0667384476354 0.157871504075 0.328818356975 0.333178573374 0.0361600890738 0.301842980577 0.862569864247 0.0255525245348 0.023853544576 0.0880240666419 0.0804405835875 0.873399112079 0.0283478621861 0.0178124421473 0.682138762312 0.224285104203 0.0210142402553 0.0725618932291 0.234257756383 0.228116738622 0.0410426971093 0.496582807885 0.303112865069 0.057941234514 0.152297482382 0.486648418035 0.926141887583 0.0538702426554 0.0162751552073 0.00371271455456 
2.89772046358 8 21 12 15 16 5 13 6 7 0.421929987938 0.353460060352 0.0667384476354 0.157871504075 0.328818356975 0.333178573374 0.0361600890738 0.301842980577 0.862569864247 0.0255525245348 0.023853544576 0.0880240666419 0.0804405835875 0.873399112079 0.0283478621861 0.0178124421473 0.682138762312 0.224285104203 0.0210142402553 0.0725618932291 0.234257756383 0.228116738622 0.0410426971093 0.496582807885 0.303112865069 0.057941234514 0.152297482382 0.486648418035 0.926141887583 0.0538702426554 0.0162751552073 0.00371271455456 
0.359750737209 16 21 12 9 16 5 13 6 7 0.421929987938 0.353460060352 0.0667384476354 0.157871504075 0.328818356975 0.333178573374 0.0361600890738 0.301842980577 0.862569864247 0.0255525245348 0.023853544576 0.0880240666419 0.878618822467 0.0551292092982 0.0357636782521 0.0304882899827 0.682138762312 0.224285104203 0.0210142402553 0.0725618932291 0.234257756383 0.228116738622 0.0410426971093 0.496582807885 0.303112865069 0.057941234514 0.152297482382 0.486648418035 0.926141887583 0.0538702426554 0.0162751552073 0.00371271455456 
2.89772046358 8 21 12 15 16 5 13 6 7 0.421929987938 0.353460060352 0.0667384476354 0.157871504075 0.328818356975 0.333178573374 0.0361600890738 0.301842980577 0.862569864247 0.0255525245348 0.023853544576 0.0880240666419 0.0804405835875 0.873399112079 0.0283478621861 0.0178124421473 0.682138762312 0.224285104203 0.0210142402553 0.0725618932291 0.234257756383 0.228116738622 0.0410426971093 0.496582807885 0.303112865069 0.057941234514 0.152297482382 0.486648418035 0.926141887583 0.0538702426554 0.0162751552073 0.00371271455456 
2.89772046358 8 21 7 5 16 9 12 21 6 0.421929987938 0.353460060352 0.0667384476354 0.157871504075 0.226457093485 0.467615090456 0.051809418146 0.254118397913 0.105421828468 0.822193526732 0.0569904273911 0.0153942174091 0.0804405835875 0.873399112079 0.0283478621861 0.0178124421473 0.682138762312 0.224285104203 0.0210142402553 0.0725618932291 0.234257756383 0.228116738622 0.0410426971093 0.496582807885 0.338433512589 0.551928079394 0.0333955858966 0.0762428221209 0.25458051525 0.487463398023 0.187487948638 0.07046813809 
2.38292363514 8 21 12 15 16 5 13 6 7 0.421929987938 0.353460060352 0.0667384476354 0.157871504075 0.328818356975 0.333178573374 0.0361600890738 0.301842980577 0.862569864247 0.0255525245348 0.023853544576 0.0880240666419 0.0804405835875 0.873399112079 0.0283478621861 0.0178124421473 0.682138762312 0.224285104203 0.0210142402553 0.0725618932291 0.234257756383 0.228116738622 0.0410426971093 0.496582807885 0.303112865069 0.057941234514 0.152297482382 0.486648418035 0.926141887583 0.0538702426554 0.0162751552073 0.00371271455456 
2.89772046358 8 21 12 15 16 5 13 6 7 0.421929987938 0.353460060352 0.0667384476354 0.157871504075 0.328818356975 0.333178573374 0.0361600890738 0.301842980577 0.862569864247 0.0255525245348 0.023853544576 0.0880240666419 0.0804405835875 0.873399112079 0.0283478621861 0.0178124421473 0.682138762312 0.224285104203 0.0210142402553 0.0725618932291 0.234257756383 0.228116738622 0.0410426971093 0.496582807885 0.303112865069 0.057941234514 0.152297482382 0.486648418035 0.926141887583 0.0538702426554 0.0162751552073 0.00371271455456 
2.38292363514 8 21 12 15 16 5 13 6 7 0.421929987938 0.353460060352 0.0667384476354 0.157871504075 0.328818356975 0.333178573374 0.0361600890738 0.301842980577 0.862569864247 0.0255525245348 0.023853544576 0.0880240666419 0.0804405835875 0.873399112079 0.0283478621861 0.0178124421473 0.682138762312 0.224285104203 0.0210142402553 0.0725618932291 0.234257756383 0.228116738622 0.0410426971093 0.496582807885 0.303112865069 0.057941234514 0.152297482382 0.486648418035 0.926141887583 0.0538702426554 0.0162751552073 0.00371271455456 
2.38292363514 8 21 12 15 16 5 13 6 7 0.421929987938 0.353460060352 0.0667384476354 0.157871504075 0.328818356975 0.333178573374 0.0361600890738 0.301842980577 0.862569864247 0.0255525245348 0.023853544576 0.0880240666419 0.0804405835875 0.873399112079 0.0283478621861 0.0178124421473 0.682138762312 0.224285104203 0.0210142402553 0.0725618932291 0.234257756383 0.228116738622 0.0410426971093 0.496582807885 0.303112865069 0.057941234514 0.152297482382 0.486648418035 0.926141887583 0.0538702426554 0.0162751552073 0.00371271455456 
2.38292363514 8 21 12 15 16 5 13 6 7 0.421929987938 0.353460060352 0.0667384476354 0.157871504075 0.328818356975 0.333178573374 0.0361600890738 0.301842980577 0.862569864247 0.0255525245348 0.023853544576 0.0880240666419 0.0804405835875 0.873399112079 0.0283478621861 0.0178124421473 0.682138762312 0.224285104203 0.0210142402553 0.0725618932291 0.234257756383 0.228116738622 0.0410426971093 0.496582807885 0.303112865069 0.057941234514 0.152297482382 0.486648418035 0.926141887583 0.0538702426554 0.0162751552073 0.00371271455456 
2.38292363514 8 21 12 15 16 5 13 6 7 0.421929987938 0.353460060352 0.0667384476354 0.157871504075 0.328818356975 0.333178573374 0.0361600890738 0.301842980577 0.862569864247 0.0255525245348 0.023853544576 0.0880240666419 0.0804405835875 0.873399112079 0.0283478621861 0.0178124421473 0.682138762312 0.224285104203 0.0210142402553 0.0725618932291 0.234257756383 0.228116738622 0.0410426971093 0.496582807885 0.303112865069 0.057941234514 0.152297482382 0.486648418035 0.926141887583 0.0538702426554 0.0162751552073 0.00371271455456 
2.38292363514 8 21 12 15 16 5 13 6 7 0.421929987938 0.353460060352 0.0667384476354 0.157871504075 0.328818356975 0.333178573374 0.0361600890738 0.301842980577 0.862569864247 0.0255525245348 0.023853544576 0.0880240666419 0.0804405835875 0.873399112079 0.0283478621861 0.0178124421473 0.682138762312 0.224285104203 0.0210142402553 0.0725618932291 0.234257756383 0.228116738622 0.0410426971093 0.496582807885 0.303112865069 0.057941234514 0.152297482382 0.486648418035 0.926141887583 0.0538702426554 0.0162751552073 0.00371271455456 
2.38292363514 8 21 12 15 16 5 13 6 7 0.421929987938 0.353460060352 0.0667384476354 0.157871504075 0.328818356975 0.333178573374 0.0361600890738 0.301842980577 0.862569864247 0.0255525245348 0.023853544576 0.0880240666419 0.0804405835875 0.873399112079 0.0283478621861 0.0178124421473 0.682138762312 0.224285104203 0.0210142402553 0.0725618932291 0.234257756383 0.228116738622 0.0410426971093 0.496582807885 0.303112865069 0.057941234514 0.152297482382 0.486648418035 0.926141887583 0.0538702426554 0.0162751552073 0.00371271455456 
2.38292363514 8 21 12 15 16 5 13 6 7 0.421929987938 0.353460060352 0.0667384476354 0.157871504075 0.328818356975 0.333178573374 0.0361600890738 0.301842980577 0.862569864247 0.0255525245348 0.023853544576 0.0880240666419 0.0804405835875 0.873399112079 0.0283478621861 0.0178124421473 0.682138762312 0.224285104203 0.0210142402553 0.0725618932291 0.234257756383 0.228116738622 0.0410426971093 0.496582807885 0.303112865069 0.057941234514 0.152297482382 0.486648418035 0.926141887583 0.0538702426554 0.0162751552073 0.00371271455456 
2.38292363514 8 21 12 15 16 5 13 6 7 0.421929987938 0.353460060352 0.0667384476354 0.157871504075 0.328818356975 0.333178573374 0.0361600890738 0.301842980577 0.862569864247 0.0255525245348 0.023853544576 0.0880240666419 0.0804405835875 0.873399112079 0.0283478621861 0.0178124421473 0.682138762312 0.224285104203 0.0210142402553 0.0725618932291 0.234257756383 0.228116738622 0.0410426971093 0.496582807885 0.303112865069 0.057941234514 0.152297482382 0.486648418035 0.926141887583 0.0538702426554 0.0162751552073 0.00371271455456 
2.38292363514 8 21 12 15 16 5 13 6 7 0.421929987938 0.353460060352 0.0667384476354 0.157871504075 0.328818356975 0.333178573374 0.0361600890738 0.301842980577 0.862569864247 0.0255525245348 0.023853544576 0.0880240666419 0.0804405835875 0.873399112079 0.0283478621861 0.0178124421473 0.682138762312 0.224285104203 0.0210142402553 0.0725618932291 0.234257756383 0.228116738622 0.0410426971093 0.496582807885 0.303112865069 0.057941234514 0.152297482382 0.486648418035 0.926141887583 0.0538702426554 0.0162751552073 0.00371271455456 
4.91624689158 0 21 12 11 8 14 5 10 7 0.134480105269 0.388192567723 0.41059493578 0.0667323912282 0.4769336603 0.484425494448 0.00296423885108 0.035676606401 0.862569864247 0.0255525245348 0.023853544576 0.0880240666419 0.0804405835875 0.873399112079 0.0283478621861 0.0178124421473 0.977408417946 0.00384605795765 0.0105629577768 0.00818256631916 0.384106129894 0.221358416477 0.386814396234 0.00772105739456 0.303112865069 0.057941234514 0.152297482382 0.486648418035 0.926141887583 0.0538702426554 0.0162751552073 0.00371271455456 
2.89772046358 8 21 12 15 16 5 13 6 7 0.421929987938 0.353460060352 0.0667384476354 0.157871504075 0.328818356975 0.333178573374 0.0361600890738 0.301842980577 0.862569864247 0.0255525245348 0.023853544576 0.0880240666419 0.0804405835875 0.873399112079 0.0283478621861 0.0178124421473 0.682138762312 0.224285104203 0.0210142402553 0.0725618932291 0.234257756383 0.228116738622 0.0410426971093 0.496582807885 0.303112865069 0.057941234514 0.152297482382 0.486648418035 0.926141887583 0.0538702426554 0.0162751552073 0.00371271455456 
2.38292363514 8 21 12 15 16 5 13 6 7 0.421929987938 0.353460060352 0.0667384476354 0.157871504075 0.328818356975 0.333178573374 0.0361600890738 0.301842980577 0.862569864247 0.0255525245348 0.023853544576 0.0880240666419 0.0804405835875 0.873399112079 0.0283478621861 0.0178124421473 0.682138762312 0.224285104203 0.0210142402553 0.0725618932291 0.234257756383 0.228116738622 0.0410426971093 0.496582807885 0.303112865069 0.057941234514 0.152297482382 0.486648418035 0.926141887583 0.0538702426554 0.0162751552073 0.00371271455456 
3.77190456101 8 21 16 15 16 5 13 14 7 0.421929987938 0.353460060352 0.0667384476354 0.157871504075 0.328818356975 0.333178573374 0.0361600890738 0.301842980577 0.92636076805 0.06040432174 0.00468942975238 0.00854548045751 0.891875015935 0.0644841142159 0.028579361227 0.0150615086224 0.682138762312 0.224285104203 0.0210142402553 0.0725618932291 0.234257756383 0.228116738622 0.0410426971093 0.496582807885 0.303112865069 0.057941234514 0.152297482382 0.486648418035 0.926141887583 0.0538702426554 0.0162751552073 0.00371271455456 
2.38292363514 8 21 12 15 16 5 13 6 7 0.421929987938 0.353460060352 0.0667384476354 0.157871504075 0.328818356975 0.333178573374 0.0361600890738 0.301842980577 0.862569864247 0.0255525245348 0.023853544576 0.0880240666419 0.0804405835875 0.873399112079 0.0283478621861 0.0178124421473 0.682138762312 0.224285104203 0.0210142402553 0.0725618932291 0.234257756383 0.228116738622 0.0410426971093 0.496582807885 0.303112865069 0.057941234514 0.152297482382 0.486648418035 0.926141887583 0.0538702426554 0.0162751552073 0.00371271455456 
2.38292363514 8 21 12 15 16 5 13 6 7 0.421929987938 0.353460060352 0.0667384476354 0.157871504075 0.328818356975 0.333178573374 0.0361600890738 0.301842980577 0.862569864247 0.0255525245348 0.023853544576 0.0880240666419 0.0804405835875 0.873399112079 0.0283478621861 0.0178124421473 0.682138762312 0.224285104203 0.0210142402553 0.0725618932291 0.234257756383 0.228116738622 0.0410426971093 0.496582807885 0.303112865069 0.057941234514 0.152297482382 0.486648418035 0.926141887583 0.0538702426554 0.0162751552073 0.00371271455456 
2.38292363514 8 21 12 15 16 5 13 6 7 0.421929987938 0.353460060352 0.0667384476354 0.157871504075 0.328818356975 0.333178573374 0.0361600890738 0.301842980577 0.862569864247 0.0255525245348 0.023853544576 0.0880240666419 0.0804405835875 0.873399112079 0.0283478621861 0.0178124421473 0.682138762312 0.224285104203 0.0210142402553 0.0725618932291 0.234257756383 0.228116738622 0.0410426971093 0.496582807885 0.303112865069 0.057941234514 0.152297482382 0.486648418035 0.926141887583 0.0538702426554 0.0162751552073 0.00371271455456 
2.38292363514 8 0 12 15 16 5 7 6 7 0.182844143053 0.444543406296 0.00765923026315 0.364953220388 0.635256113694 0.0402261917811 0.313589803467 0.0109278910583 0.91039729116 0.0639165910371 0.000631097706764 0.0250550200963 0.0804405835875 0.873399112079 0.0283478621861 0.0178124421473 0.682138762312 0.224285104203 0.0210142402553 0.0725618932291 0.252636099827 0.416669713523 0.307203429102 0.0234907575474 0.32120163786 0.176968515568 0.478400100098 0.0234297464741 0.566941564129 0.37862014818 0.046526408021 0.00791187967097 
2.38292363514 8 21 12 15 16 5 13 6 7 0.421929987938 0.353460060352 0.0667384476354 0.157871504075 0.328818356975 0.333178573374 0.0361600890738 0.301842980577 0.862569864247 0.0255525245348 0.023853544576 0.0880240666419 0.0804405835875 0.873399112079 0.0283478621861 0.0178124421473 0.682138762312 0.224285104203 0.0210142402553 0.0725618932291 0.234257756383 0.228116738622 0.0410426971093 0.496582807885 0.303112865069 0.057941234514 0.152297482382 0.486648418035 0.926141887583 0.0538702426554 0.0162751552073 0.00371271455456 
2.89772046358 8 21 12 15 16 5 13 6 7 0.421929987938 0.353460060352 0.0667384476354 0.157871504075 0.328818356975 0.333178573374 0.0361600890738 0.301842980577 0.862569864247 0.0255525245348 0.023853544576 0.0880240666419 0.0804405835875 0.873399112079 0.0283478621861 0.0178124421473 0.682138762312 0.224285104203 0.0210142402553 0.0725618932291 0.234257756383 0.228116738622 0.0410426971093 0.496582807885 0.303112865069 0.057941234514 0.152297482382 0.486648418035 0.926141887583 0.0538702426554 0.0162751552073 0.00371271455456 
2.38292363514 2 21 12 15 16 5 10 10 7 0.0701860663054 0.685133312121 0.0842230922469 0.160457529327 0.638151278255 0.0582863354221 0.299229987528 0.00433239879519 0.688811934637 0.14101991453 0.155792443243 0.0143757075901 0.0806952361826 0.38339625546 0.0312456160493 0.504662892308 0.682138762312 0.224285104203 0.0210142402553 0.0725618932291 0.234257756383 0.228116738622 0.0410426971093 0.496582807885 0.113209403512 0.1089339224 0.373130932068 0.40472574202 0.926141887583 0.0538702426554 0.0162751552073 0.00371271455456 
2.38292363514 8 21 12 15 16 5 13 6 7 0.421929987938 0.353460060352 0.0667384476354 0.157871504075 0.328818356975 0.333178573374 0.0361600890738 0.301842980577 0.862569864247 0.0255525245348 0.023853544576 0.0880240666419 0.0804405835875 0.873399112079 0.0283478621861 0.0178124421473 0.682138762312 0.224285104203 0.0210142402553 0.0725618932291 0.234257756383 0.228116738622 0.0410426971093 0.496582807885 0.303112865069 0.057941234514 0.152297482382 0.486648418035 0.926141887583 0.0538702426554 0.0162751552073 0.00371271455456 
2.38292363514 8 21 12 15 16 5 13 6 7 0.421929987938 0.353460060352 0.0667384476354 0.157871504075 0.328818356975 0.333178573374 0.0361600890738 0.301842980577 0.862569864247 0.0255525245348 0.023853544576 0.0880240666419 0.0804405835875 0.873399112079 0.0283478621861 0.0178124421473 0.682138762312 0.224285104203 0.0210142402553 0.0725618932291 0.234257756383 0.228116738622 0.0410426971093 0.496582807885 0.303112865069 0.057941234514 0.152297482382 0.486648418035 0.926141887583 0.0538702426554 0.0162751552073 0.00371271455456 
2.38292363514 8 21 12 15 16 5 13 6 7 0.421929987938 0.353460060352 0.0667384476354 0.157871504075 0.328818356975 0.333178573374 0.0361600890738 0.301842980577 0.862569864247 0.0255525245348 0.023853544576 0.0880240666419 0.0804405835875 0.873399112079 0.0283478621861 0.0178124421473 0.682138762312 0.224285104203 0.0210142402553 0.0725618932291 0.234257756383 0.228116738622 0.0410426971093 0.496582807885 0.303112865069 0.057941234514 0.152297482382 0.486648418035 0.926141887583 0.0538702426554 0.0162751552073 0.00371271455456 
2.38292363514 8 21 12 15 16 5 13 6 7 0.421929987938 0.353460060352 0.0667384476354 0.157871504075 0.328818356975 0.333178573374 0.0361600890738 0.301842980577 0.862569864247 0.0255525245348 0.023853544576 0.0880240666419 0.0804405835875 0.873399112079 0.0283478621861 0.0178124421473 0.682138762312 0.224285104203 0.0210142402553 0.0725618932291 0.234257756383 0.228116738622 0.0410426971093 0.496582807885 0.303112865069 0.057941234514 0.152297482382 0.486648418035 0.926141887583 0.0538702426554 0.0162751552073 0.00371271455456 
3.55366937265 8 21 12 15 17 5 13 13 22 0.421929987938 0.353460060352 0.0667384476354 0.157871504075 0.2186581456 0.674122480146 0.0996615364718 0.00755783778183 0.862569864247 0.0255525245348 0.023853544576 0.0880240666419 0.680266822396 0.297183738837 0.0163972434096 0.00615219535784 0.682138762312 0.224285104203 0.0210142402553 0.0725618932291 0.525188143408 0.394427456662 0.0216801852927 0.0587042146372 0.129846610802 0.853301967145 0.00526691717471 0.0115845048782 0.926141887583 0.0538702426554 0.0162751552073 0.00371271455456 
2.38292363514 8 21 12 15 16 5 13 6 7 0.421929987938 0.353460060352 0.0667384476354 0.157871504075 0.328818356975 0.333178573374 0.0361600890738 0.301842980577 0.862569864247 0.0255525245348 0.023853544576 0.0880240666419 0.0804405835875 0.873399112079 0.0283478621861 0.0178124421473 0.682138762312 0.224285104203 0.0210142402553 0.0725618932291 0.234257756383 0.228116738622 0.0410426971093 0.496582807885 0.303112865069 0.057941234514 0.152297482382 0.486648418035 0.926141887583 0.0538702426554 0.0162751552073 0.00371271455456 
2.38292363514 8 21 12 15 16 5 13 6 7 0.421929987938 0.353460060352 0.0667384476354 0.157871504075 0.328818356975 0.333178573374 0.0361600890738 0.301842980577 0.862569864247 0.0255525245348 0.023853544576 0.0880240666419 0.0804405835875 0.873399112079 0.0283478621861 0.0178124421473 0.682138762312 0.224285104203 0.0210142402553 0.0725618932291 0.234257756383 0.228116738622 0.0410426971093 0.496582807885 0.303112865069 0.057941234514 0.152297482382 0.486648418035 0.926141887583 0.0538702426554 0.0162751552073 0.00371271455456 
2.38292363514 8 21 12 15 16 5 13 6 7 0.421929987938 0.353460060352 0.0667384476354 0.157871504075 0.328818356975 0.333178573374 0.0361600890738 0.301842980577 0.862569864247 0.0255525245348 0.023853544576 0.0880240666419 0.0804405835875 0.873399112079 0.0283478621861 0.0178124421473 0.682138762312 0.224285104203 0.0210142402553 0.0725618932291 0.234257756383 0.228116738622 0.0410426971093 0.496582807885 0.303112865069 0.057941234514 0.152297482382 0.486648418035 0.926141887583 0.0538702426554 0.0162751552073 0.00371271455456 
4.54746151166 8 13 8 17 16 5 13 9 7 0.421929987938 0.353460060352 0.0667384476354 0.157871504075 0.717762486811 0.0500619309149 0.212853506406 0.0193220758678 0.0268756831974 0.158947590458 0.131365594249 0.682811132096 0.726711519824 0.165977014545 0.0850113212631 0.0223001443685 0.682138762312 0.224285104203 0.0210142402553 0.0725618932291 0.0244392535836 0.65445440824 0.175003417986 0.14610292019 0.43408742514 0.532956150925 0.00310570124421 0.0298507226903 0.926141887583 0.0538702426554 0.0162751552073 0.00371271455456 
2.38292363514 8 21 12 15 16 5 13 6 7 0.421929987938 0.353460060352 0.0667384476354 0.157871504075 0.328818356975 0.333178573374 0.0361600890738 0.301842980577 0.862569864247 0.0255525245348 0.023853544576 0.0880240666419 0.0804405835875 0.873399112079 0.0283478621861 0.0178124421473 0.682138762312 0.224285104203 0.0210142402553 0.0725618932291 0.234257756383 0.228116738622 0.0410426971093 0.496582807885 0.303112865069 0.057941234514 0.152297482382 0.486648418035 0.926141887583 0.0538702426554 0.0162751552073 0.00371271455456 
2.89772046358 8 21 12 15 16 5 13 6 7 0.421929987938 0.353460060352 0.0667384476354 0.157871504075 0.328818356975 0.333178573374 0.0361600890738 0.301842980577 0.862569864247 0.0255525245348 0.023853544576 0.0880240666419 0.0804405835875 0.873399112079 0.0283478621861 0.0178124421473 0.682138762312 0.224285104203 0.0210142402553 0.0725618932291 0.234257756383 0.228116738622 0.0410426971093 0.496582807885 0.303112865069 0.057941234514 0.152297482382 0.486648418035 0.926141887583 0.0538702426554 0.0162751552073 0.00371271455456 
2.38292363514 8 21 12 15 16 5 13 6 7 0.421929987938 0.353460060352 0.0667384476354 0.157871504075 0.328818356975 0.333178573374 0.0361600890738 0.301842980577 0.862569864247 0.0255525245348 0.023853544576 0.0880240666419 0.0804405835875 0.873399112079 0.0283478621861 0.0178124421473 0.682138762312 0.224285104203 0.0210142402553 0.0725618932291 0.234257756383 0.228116738622 0.0410426971093 0.496582807885 0.303112865069 0.057941234514 0.152297482382 0.486648418035 0.926141887583 0.0538702426554 0.0162751552073 0.00371271455456 
2.38292363514 8 21 12 15 16 5 13 6 7 0.421929987938 0.353460060352 0.0667384476354 0.157871504075 0.328818356975 0.333178573374 0.0361600890738 0.301842980577 0.862569864247 0.0255525245348 0.023853544576 0.0880240666419 0.0804405835875 0.873399112079 0.0283478621861 0.0178124421473 0.682138762312 0.224285104203 0.0210142402553 0.0725618932291 0.234257756383 0.228116738622 0.0410426971093 0.496582807885 0.303112865069 0.057941234514 0.152297482382 0.486648418035 0.926141887583 0.0538702426554 0.0162751552073 0.00371271455456 
2.38292363514 8 21 12 1 9 5 21 6 7 0.421929987938 0.353460060352 0.0667384476354 0.157871504075 0.37716210762 0.344071432724 0.195517642127 0.0832488175281 0.862569864247 0.0255525245348 0.023853544576 0.0880240666419 0.0804405835875 0.873399112079 0.0283478621861 0.0178124421473 0.682138762312 0.224285104203 0.0210142402553 0.0725618932291 0.459895060614 0.330917072828 0.00162456102986 0.207563305528 0.931662516597 0.0373382557669 0.029424879093 0.00157434854262 0.926141887583 0.0538702426554 0.0162751552073 0.00371271455456 
2.38292363514 8 21 12 15 16 5 13 6 7 0.421929987938 0.353460060352 0.0667384476354 0.157871504075 0.328818356975 0.333178573374 0.0361600890738 0.301842980577 0.862569864247 0.0255525245348 0.023853544576 0.0880240666419 0.0804405835875 0.873399112079 0.0283478621861 0.0178124421473 0.682138762312 0.224285104203 0.0210142402553 0.0725618932291 0.234257756383 0.228116738622 0.0410426971093 0.496582807885 0.303112865069 0.057941234514 0.152297482382 0.486648418035 0.926141887583 0.0538702426554 0.0162751552073 0.00371271455456 
2.38292363514 8 1 12 9 3 5 13 6 23 0.421929987938 0.353460060352 0.0667384476354 0.157871504075 0.328818356975 0.333178573374 0.0361600890738 0.301842980577 0.862569864247 0.0255525245348 0.023853544576 0.0880240666419 0.335127335315 0.660113940207 0.002166476503 0.0025922479755 0.682138762312 0.224285104203 0.0210142402553 0.0725618932291 0.715624392598 0.10917847638 0.0628200464794 0.112377084543 0.903756051435 0.0765048278267 0.0163250781841 0.00341404255441 0.926141887583 0.0538702426554 0.0162751552073 0.00371271455456 
2.38292363514 8 21 12 15 16 5 13 6 7 0.421929987938 0.353460060352 0.0667384476354 0.157871504075 0.328818356975 0.333178573374 0.0361600890738 0.301842980577 0.862569864247 0.0255525245348 0.023853544576 0.0880240666419 0.0804405835875 0.873399112079 0.0283478621861 0.0178124421473 0.682138762312 0.224285104203 0.0210142402553 0.0725618932291 0.234257756383 0.228116738622 0.0410426971093 0.496582807885 0.303112865069 0.057941234514 0.152297482382 0.486648418035 0.926141887583 0.0538702426554 0.0162751552073 0.00371271455456 
2.38292363514 8 21 12 15 16 9 5 6 7 0.421929987938 0.353460060352 0.0667384476354 0.157871504075 0.167669760525 0.746441321112 0.0147289464965 0.0711599718668 0.825977454747 0.138040236642 0.0210414564747 0.0149408521364 0.0804405835875 0.873399112079 0.0283478621861 0.0178124421473 0.682138762312 0.224285104203 0.0210142402553 0.0725618932291 0.837378673078 0.108125950179 0.0266724424052 0.0278229343375 0.303112865069 0.057941234514 0.152297482382 0.486648418035 0.811331919835 0.00699320297051 0.0214785286416 0.160196348553 
2.89772046358 8 21 12 15 16 5 13 6 7 0.421929987938 0.353460060352 0.0667384476354 0.157871504075 0.328818356975 0.333178573374 0.0361600890738 0.301842980577 0.862569864247 0.0255525245348 0.023853544576 0.0880240666419 0.0804405835875 0.873399112079 0.0283478621861 0.0178124421473 0.682138762312 0.224285104203 0.0210142402553 0.0725618932291 0.234257756383 0.228116738622 0.0410426971093 0.496582807885 0.303112865069 0.057941234514 0.152297482382 0.486648418035 0.926141887583 0.0538702426554 0.0162751552073 0.00371271455456 
2.38292363514 8 21 12 15 16 5 13 6 7 0.421929987938 0.353460060352 0.0667384476354 0.157871504075 0.328818356975 0.333178573374 0.0361600890738 0.301842980577 0.862569864247 0.0255525245348 0.023853544576 0.0880240666419 0.0804405835875 0.873399112079 0.0283478621861 0.0178124421473 0.682138762312 0.224285104203 0.0210142402553 0.0725618932291 0.234257756383 0.228116738622 0.0410426971093 0.496582807885 0.303112865069 0.057941234514 0.152297482382 0.486648418035 0.926141887583 0.0538702426554 0.0162751552073 0.00371271455456 
2.38292363514 11 7 12 5 16 5 8 6 7 0.421929987938 0.353460060352 0.0667384476354 0.157871504075 0.328818356975 0.333178573374 0.0361600890738 0.301842980577 0.862569864247 0.0255525245348 0.023853544576 0.0880240666419 0.234574614182 0.504852730332 0.20390381316 0.0566688423262 0.682138762312 0.224285104203 0.0210142402553 0.0725618932291 0.234257756383 0.228116738622 0.0410426971093 0.496582807885 0.303112865069 0.057941234514 0.152297482382 0.486648418035 0.926141887583 0.0538702426554 0.0162751552073 0.00371271455456 
2.38292363514 8 21 12 15 16 5 13 6 7 0.421929987938 0.353460060352 0.0667384476354 0.157871504075 0.328818356975 0.333178573374 0.0361600890738 0.301842980577 0.862569864247 0.0255525245348 0.023853544576 0.0880240666419 0.0804405835875 0.873399112079 0.0283478621861 0.0178124421473 0.682138762312 0.224285104203 0.0210142402553 0.0725618932291 0.234257756383 0.228116738622 0.0410426971093 0.496582807885 0.303112865069 0.057941234514 0.152297482382 0.486648418035 0.926141887583 0.0538702426554 0.0162751552073 0.00371271455456 
2.38292363514 8 21 12 15 16 5 13 6 7 0.421929987938 0.353460060352 0.0667384476354 0.157871504075 0.328818356975 0.333178573374 0.0361600890738 0.301842980577 0.862569864247 0.0255525245348 0.023853544576 0.0880240666419 0.0804405835875 0.873399112079 0.0283478621861 0.0178124421473 0.682138762312 0.224285104203 0.0210142402553 0.0725618932291 0.234257756383 0.228116738622 0.0410426971093 0.496582807885 0.303112865069 0.057941234514 0.152297482382 0.486648418035 0.926141887583 0.0538702426554 0.0162751552073 0.00371271455456 
2.38292363514 8 21 12 15 16 5 13 6 7 0.421929987938 0.353460060352 0.0667384476354 0.157871504075 0.328818356975 0.333178573374 0.0361600890738 0.301842980577 0.862569864247 0.0255525245348 0.023853544576 0.0880240666419 0.0804405835875 0.873399112079 0.0283478621861 0.0178124421473 0.682138762312 0.224285104203 0.0210142402553 0.0725618932291 0.234257756383 0.228116738622 0.0410426971093 0.496582807885 0.303112865069 0.057941234514 0.152297482382 0.486648418035 0.926141887583 0.0538702426554 0.0162751552073 0.00371271455456 
4.32835092545 8 19 6 15 19 5 13 6 18 0.195871634653 0.221337483219 0.10157824968 0.481212632448 0.328818356975 0.333178573374 0.0361600890738 0.301842980577 0.862569864247 0.0255525245348 0.023853544576 0.0880240666419 0.302276245724 0.53371180866 0.0465560553459 0.117455890271 0.682138762312 0.224285104203 0.0210142402553 0.0725618932291 0.234257756383 0.228116738622 0.0410426971093 0.496582807885 0.303112865069 0.057941234514 0.152297482382 0.486648418035 0.563076235513 0.106999393954 0.231331487315 0.0985928832182 
2.89772046358 8 21 12 15 16 5 13 6 7 0.421929987938 0.353460060352 0.0667384476354 0.157871504075 0.328818356975 0.333178573374 0.0361600890738 0.301842980577 0.862569864247 0.0255525245348 0.023853544576 0.0880240666419 0.0804405835875 0.873399112079 0.0283478621861 0.0178124421473 0.682138762312 0.224285104203 0.0210142402553 0.0725618932291 0.234257756383 0.228116738622 0.0410426971093 0.496582807885 0.303112865069 0.057941234514 0.152297482382 0.486648418035 0.926141887583 0.0538702426554 0.0162751552073 0.00371271455456 
2.38292363514 8 21 12 15 16 5 13 6 7 0.421929987938 0.353460060352 0.0667384476354 0.157871504075 0.328818356975 0.333178573374 0.0361600890738 0.301842980577 0.862569864247 0.0255525245348 0.023853544576 0.0880240666419 0.0804405835875 0.873399112079 0.0283478621861 0.0178124421473 0.682138762312 0.224285104203 0.0210142402553 0.0725618932291 0.234257756383 0.228116738622 0.0410426971093 0.496582807885 0.303112865069 0.057941234514 0.152297482382 0.486648418035 0.926141887583 0.0538702426554 0.0162751552073 0.00371271455456 
2.38292363514 8 21 12 15 16 5 13 6 7 0.421929987938 0.353460060352 0.0667384476354 0.157871504075 0.328818356975 0.333178573374 0.0361600890738 0.301842980577 0.862569864247 0.0255525245348 0.023853544576 0.0880240666419 0.0804405835875 0.873399112079 0.0283478621861 0.0178124421473 0.682138762312 0.224285104203 0.0210142402553 0.0725618932291 0.234257756383 0.228116738622 0.0410426971093 0.496582807885 0.303112865069 0.057941234514 0.152297482382 0.486648418035 0.926141887583 0.0538702426554 0.0162751552073 0.00371271455456 
2.38292363514 8 21 12 15 16 5 13 6 7 0.421929987938 0.353460060352 0.0667384476354 0.157871504075 0.328818356975 0.333178573374 0.0361600890738 0.301842980577 0.862569864247 0.0255525245348 0.023853544576 0.0880240666419 0.0804405835875 0.873399112079 0.0283478621861 0.0178124421473 0.682138762312 0.224285104203 0.0210142402553 0.0725618932291 0.234257756383 0.228116738622 0.0410426971093 0.496582807885 0.303112865069 0.057941234514 0.152297482382 0.486648418035 0.926141887583 0.0538702426554 0.0162751552073 0.00371271455456 
2.38292363514 8 21 12 15 16 5 13 6 7 0.421929987938 0.353460060352 0.0667384476354 0.157871504075 0.328818356975 0.333178573374 0.0361600890738 0.301842980577 0.862569864247 0.0255525245348 0.023853544576 0.0880240666419 0.0804405835875 0.873399112079 0.0283478621861 0.0178124421473 0.682138762312 0.224285104203 0.0210142402553 0.0725618932291 0.234257756383 0.228116738622 0.0410426971093 0.496582807885 0.303112865069 0.057941234514 0.152297482382 0.486648418035 0.926141887583 0.0538702426554 0.0162751552073 0.00371271455456 
2.74247315977 18 21 12 15 16 8 13 23 10 0.421929987938 0.353460060352 0.0667384476354 0.157871504075 0.185247467898 0.737721877624 0.0302973411281 0.0467333133508 0.862569864247 0.0255525245348 0.023853544576 0.0880240666419 0.0804405835875 0.873399112079 0.0283478621861 0.0178124421473 0.246212305531 0.110071019615 0.159563091632 0.484153583223 0.98623960475 0.0089076828287 0.00273192041301 0.00212079200867 0.882764531557 0.0614158368846 0.0315742103577 0.0242454212009 0.311828413789 0.0407479470545 0.129819291897 0.51760434726 
2.38292363514 8 21 12 15 16 5 13 6 7 0.421929987938 0.353460060352 0.0667384476354 0.157871504075 0.328818356975 0.333178573374 0.0361600890738 0.301842980577 0.862569864247 0.0255525245348 0.023853544576 0.0880240666419 0.0804405835875 0.873399112079 0.0283478621861 0.0178124421473 0.682138762312 0.224285104203 0.0210142402553 0.0725618932291 0.234257756383 0.228116738622 0.0410426971093 0.496582807885 0.303112865069 0.057941234514 0.152297482382 0.486648418035 0.926141887583 0.0538702426554 0.0162751552073 0.00371271455456 
2.38292363514 8 21 12 15 16 5 13 6 7 0.421929987938 0.353460060352 0.0667384476354 0.157871504075 0.328818356975 0.333178573374 0.0361600890738 0.301842980577 0.862569864247 0.0255525245348 0.023853544576 0.0880240666419 0.0804405835875 0.873399112079 0.0283478621861 0.0178124421473 0.682138762312 0.224285104203 0.0210142402553 0.0725618932291 0.234257756383 0.228116738622 0.0410426971093 0.496582807885 0.303112865069 0.057941234514 0.152297482382 0.486648418035 0.926141887583 0.0538702426554 0.0162751552073 0.00371271455456 
2.38292363514 8 21 12 15 16 5 13 6 7 0.421929987938 0.353460060352 0.0667384476354 0.157871504075 0.328818356975 0.333178573374 0.0361600890738 0.301842980577 0.862569864247 0.0255525245348 0.023853544576 0.0880240666419 0.0804405835875 0.873399112079 0.0283478621861 0.0178124421473 0.682138762312 0.224285104203 0.0210142402553 0.0725618932291 0.234257756383 0.228116738622 0.0410426971093 0.496582807885 0.303112865069 0.057941234514 0.152297482382 0.486648418035 0.926141887583 0.0538702426554 0.0162751552073 0.00371271455456 
2.38292363514 8 21 12 15 16 5 13 6 7 0.421929987938 0.353460060352 0.0667384476354 0.157871504075 0.328818356975 0.333178573374 0.0361600890738 0.301842980577 0.862569864247 0.0255525245348 0.023853544576 0.0880240666419 0.0804405835875 0.873399112079 0.0283478621861 0.0178124421473 0.682138762312 0.224285104203 0.0210142402553 0.0725618932291 0.234257756383 0.228116738622 0.0410426971093 0.496582807885 0.303112865069 0.057941234514 0.152297482382 0.486648418035 0.926141887583 0.0538702426554 0.0162751552073 0.00371271455456 
2.38292363514 8 21 12 15 16 5 13 6 7 0.421929987938 0.353460060352 0.0667384476354 0.157871504075 0.328818356975 0.333178573374 0.0361600890738 0.301842980577 0.862569864247 0.0255525245348 0.023853544576 0.0880240666419 0.0804405835875 0.873399112079 0.0283478621861 0.0178124421473 0.682138762312 0.224285104203 0.0210142402553 0.0725618932291 0.234257756383 0.228116738622 0.0410426971093 0.496582807885 0.303112865069 0.057941234514 0.152297482382 0.486648418035 0.926141887583 0.0538702426554 0.0162751552073 0.00371271455456 
2.89772046358 8 21 12 15 16 5 13 6 7 0.421929987938 0.353460060352 0.0667384476354 0.157871504075 0.328818356975 0.333178573374 0.0361600890738 0.301842980577 0.862569864247 0.0255525245348 0.023853544576 0.0880240666419 0.0804405835875 0.873399112079 0.0283478621861 0.0178124421473 0.682138762312 0.224285104203 0.0210142402553 0.0725618932291 0.234257756383 0.228116738622 0.0410426971093 0.496582807885 0.303112865069 0.057941234514 0.152297482382 0.486648418035 0.926141887583 0.0538702426554 0.0162751552073 0.00371271455456 
2.38292363514 8 21 12 15 16 5 13 6 7 0.421929987938 0.353460060352 0.0667384476354 0.157871504075 0.328818356975 0.333178573374 0.0361600890738 0.301842980577 0.862569864247 0.0255525245348 0.023853544576 0.0880240666419 0.0804405835875 0.873399112079 0.0283478621861 0.0178124421473 0.682138762312 0.224285104203 0.0210142402553 0.0725618932291 0.234257756383 0.228116738622 0.0410426971093 0.496582807885 0.303112865069 0.057941234514 0.152297482382 0.486648418035 0.926141887583 0.0538702426554 0.0162751552073 0.00371271455456 
2.38292363514 8 21 12 15 16 5 13 6 7 0.421929987938 0.353460060352 0.0667384476354 0.157871504075 0.328818356975 0.333178573374 0.0361600890738 0.301842980577 0.862569864247 0.0255525245348 0.023853544576 0.0880240666419 0.0804405835875 0.873399112079 0.0283478621861 0.0178124421473 0.682138762312 0.224285104203 0.0210142402553 0.0725618932291 0.234257756383 0.228116738622 0.0410426971093 0.496582807885 0.303112865069 0.057941234514 0.152297482382 0.486648418035 0.926141887583 0.0538702426554 0.0162751552073 0.00371271455456 
2.38292363514 8 21 12 15 16 5 13 6 7 0.421929987938 0.353460060352 0.0667384476354 0.157871504075 0.328818356975 0.333178573374 0.0361600890738 0.301842980577 0.862569864247 0.0255525245348 0.023853544576 0.0880240666419 0.0804405835875 0.873399112079 0.0283478621861 0.0178124421473 0.682138762312 0.224285104203 0.0210142402553 0.0725618932291 0.234257756383 0.228116738622 0.0410426971093 0.496582807885 0.303112865069 0.057941234514 0.152297482382 0.486648418035 0.926141887583 0.0538702426554 0.0162751552073 0.00371271455456 
2.38292363514 8 21 12 15 16 5 13 6 7 0.421929987938 0.353460060352 0.0667384476354 0.157871504075 0.328818356975 0.333178573374 0.0361600890738 0.301842980577 0.862569864247 0.0255525245348 0.023853544576 0.0880240666419 0.0804405835875 0.873399112079 0.0283478621861 0.0178124421473 0.682138762312 0.224285104203 0.0210142402553 0.0725618932291 0.234257756383 0.228116738622 0.0410426971093 0.496582807885 0.303112865069 0.057941234514 0.152297482382 0.486648418035 0.926141887583 0.0538702426554 0.0162751552073 0.00371271455456 
2.89772046358 8 21 12 15 16 5 13 6 7 0.421929987938 0.353460060352 0.0667384476354 0.157871504075 0.328818356975 0.333178573374 0.0361600890738 0.301842980577 0.862569864247 0.0255525245348 0.023853544576 0.0880240666419 0.0804405835875 0.873399112079 0.0283478621861 0.0178124421473 0.682138762312 0.224285104203 0.0210142402553 0.0725618932291 0.234257756383 0.228116738622 0.0410426971093 0.496582807885 0.303112865069 0.057941234514 0.152297482382 0.486648418035 0.926141887583 0.0538702426554 0.0162751552073 0.00371271455456 
2.38292363514 8 21 12 15 16 5 13 6 7 0.421929987938 0.353460060352 0.0667384476354 0.157871504075 0.328818356975 0.333178573374 0.0361600890738 0.301842980577 0.862569864247 0.0255525245348 0.023853544576 0.0880240666419 0.0804405835875 0.873399112079 0.0283478621861 0.0178124421473 0.682138762312 0.224285104203 0.0210142402553 0.0725618932291 0.234257756383 0.228116738622 0.0410426971093 0.496582807885 0.303112865069 0.057941234514 0.152297482382 0.486648418035 0.926141887583 0.0538702426554 0.0162751552073 0.00371271455456 
2.38292363514 8 21 12 15 16 5 13 6 7 0.421929987938 0.353460060352 0.0667384476354 0.157871504075 0.328818356975 0.333178573374 0.0361600890738 0.301842980577 0.862569864247 0.0255525245348 0.023853544576 0.0880240666419 0.0804405835875 0.873399112079 0.0283478621861 0.0178124421473 0.682138762312 0.224285104203 0.0210142402553 0.0725618932291 0.234257756383 0.228116738622 0.0410426971093 0.496582807885 0.303112865069 0.057941234514 0.152297482382 0.486648418035 0.926141887583 0.0538702426554 0.0162751552073 0.00371271455456 
2.38292363514 8 21 12 15 16 5 13 6 7 0.421929987938 0.353460060352 0.0667384476354 0.157871504075 0.328818356975 0.333178573374 0.0361600890738 0.301842980577 0.862569864247 0.0255525245348 0.023853544576 0.0880240666419 0.0804405835875 0.873399112079 0.0283478621861 0.0178124421473 0.682138762312 0.224285104203 0.0210142402553 0.0725618932291 0.234257756383 0.228116738622 0.0410426971093 0.496582807885 0.303112865069 0.057941234514 0.152297482382 0.486648418035 0.926141887583 0.0538702426554 0.0162751552073 0.00371271455456 
2.38292363514 8 8 12 15 5 5 13 6 21 0.421929987938 0.353460060352 0.0667384476354 0.157871504075 0.328818356975 0.333178573374 0.0361600890738 0.301842980577 0.862569864247 0.0255525245348 0.023853544576 0.0880240666419 0.844997724845 0.0421427075779 0.0425774846045 0.0702820829722 0.116291287805 0.236874810996 0.232772414795 0.414061486404 0.234257756383 0.228116738622 0.0410426971093 0.496582807885 0.553257270504 0.339949010895 0.0605658764607 0.0462278421395 0.456517659661 0.0625970216503 0.315166095403 0.165719223286 
2.38292363514 8 21 12 15 16 5 13 6 7 0.421929987938 0.353460060352 0.0667384476354 0.157871504075 0.328818356975 0.333178573374 0.0361600890738 0.301842980577 0.862569864247 0.0255525245348 0.023853544576 0.0880240666419 0.0804405835875 0.873399112079 0.0283478621861 0.0178124421473 0.682138762312 0.224285104203 0.0210142402553 0.0725618932291 0.234257756383 0.228116738622 0.0410426971093 0.496582807885 0.303112865069 0.057941234514 0.152297482382 0.486648418035 0.926141887583 0.0538702426554 0.0162751552073 0.00371271455456 
2.38292363514 8 21 12 15 16 5 13 6 7 0.421929987938 0.353460060352 0.0667384476354 0.157871504075 0.328818356975 0.333178573374 0.0361600890738 0.301842980577 0.862569864247 0.0255525245348 0.023853544576 0.0880240666419 0.0804405835875 0.873399112079 0.0283478621861 0.0178124421473 0.682138762312 0.224285104203 0.0210142402553 0.0725618932291 0.234257756383 0.228116738622 0.0410426971093 0.496582807885 0.303112865069 0.057941234514 0.152297482382 0.486648418035 0.926141887583 0.0538702426554 0.0162751552073 0.00371271455456 
2.89772046358 8 21 12 15 16 5 13 6 7 0.421929987938 0.353460060352 0.0667384476354 0.157871504075 0.328818356975 0.333178573374 0.0361600890738 0.301842980577 0.862569864247 0.0255525245348 0.023853544576 0.0880240666419 0.0804405835875 0.873399112079 0.0283478621861 0.0178124421473 0.682138762312 0.224285104203 0.0210142402553 0.0725618932291 0.234257756383 0.228116738622 0.0410426971093 0.496582807885 0.303112865069 0.057941234514 0.152297482382 0.486648418035 0.926141887583 0.0538702426554 0.0162751552073 0.00371271455456 
