-235.166666667 0 0.0 55.1666666667 1.16666666667 0.398000001907
-260.0 0 0.0 45.6666666667 1.0 0.716333349546
-209.333333333 0 0.0 42.3333333333 1.16666666667 0.704499999682
-247.5 1 0.166666666667 15.3333333333 0.166666666667 1.69683333238
-438.5 0 0.0 28.6666666667 0.5 1.59649999936
-206.0 0 0.0 37.1666666667 1.33333333333 0.810333331426
56.0 2 0.333333333333 30.8333333333 0.666666666667 1.02950000763
31.1666666667 1 0.166666666667 27.3333333333 0.833333333333 0.880499998728
-264.833333333 0 0.0 39.3333333333 1.0 0.807333350182
-429.5 0 0.0 32.5 1.0 1.39016668002
-193.666666667 0 0.0 24.8333333333 0.5 0.986999988556
-151.0 0 0.0 16.0 0.333333333333 1.08316667875
-325.333333333 0 0.0 35.3333333333 1.0 1.03033336004
-125.333333333 1 0.166666666667 25.3333333333 0.666666666667 1.21600000064
-206.5 0 0.0 34.1666666667 0.833333333333 0.849166671435
-68.5 1 0.166666666667 28.3333333333 1.0 1.00749997298
-143.166666667 0 0.0 40.3333333333 0.833333333333 0.756500005722
-130.5 0 0.0 46.0 1.16666666667 0.618166685104
-291.166666667 0 0.0 59.8333333333 1.33333333333 0.415333350499
-221.0 0 0.0 21.6666666667 0.833333333333 1.13216666381
-153.833333333 0 0.0 47.5 1.5 0.469999988874
-187.333333333 0 0.0 59.3333333333 1.0 0.3446666797
-301.833333333 0 0.0 70.1666666667 1.5 0.189666668574
118.666666667 2 0.333333333333 37.8333333333 0.833333333333 0.765333374341
342.0 3 0.5 22.1666666667 0.666666666667 1.04899998506
-288.0 0 0.0 71.1666666667 1.33333333333 0.296833316485
-306.5 0 0.0 50.8333333333 1.16666666667 0.759000023206
-193.333333333 1 0.166666666667 22.1666666667 1.0 1.52533332507
-207.333333333 0 0.0 35.0 0.666666666667 0.991166671117
68.6666666667 1 0.166666666667 28.8333333333 0.833333333333 0.76983332634
-295.666666667 0 0.0 49.6666666667 1.33333333333 0.652833342552
358.5 5 0.833333333333 3.5 0.0 2.1149999698
-18.8333333333 2 0.333333333333 23.1666666667 0.666666666667 1.33116666476
-67.1666666667 0 0.0 19.5 0.666666666667 0.903166691462
19.0 1 0.166666666667 20.6666666667 0.5 1.14833335082
-126.833333333 0 0.0 20.5 0.5 1.08049996694
-360.166666667 0 0.0 19.8333333333 0.666666666667 1.51866666476
-474.5 1 0.166666666667 18.8333333333 0.666666666667 2.14366666476
-296.666666667 0 0.0 55.5 1.33333333333 0.530333360036
-213.833333333 0 0.0 24.1666666667 0.666666666667 1.03699998061
74.1666666667 2 0.333333333333 18.8333333333 0.833333333333 1.2120000124
-86.3333333333 2 0.333333333333 22.0 0.5 1.67666669687
-313.5 0 0.0 35.0 0.666666666667 1.03733332952
-154.0 0 0.0 41.8333333333 0.833333333333 0.505833347638
92.0 2 0.333333333333 20.0 0.5 1.23133333524
-225.333333333 0 0.0 62.5 1.5 0.339666644732
-95.3333333333 0 0.0 44.1666666667 1.33333333333 0.402666687965
-278.666666667 0 0.0 60.8333333333 1.5 0.336166659991
54.3333333333 3 0.5 10.3333333333 0.166666666667 1.90316665173
-53.8333333333 1 0.166666666667 30.6666666667 1.16666666667 0.901499986649
