73.0 0 0.0 139.333333333 3.33333333333 3.13599999746
974.333333333 1 0.333333333333 41.0 2.0 7.72033333778
897.0 1 0.333333333333 55.0 1.33333333333 7.77633333206
551.0 0 0.0 97.6666666667 2.33333333333 4.68866666158
135.333333333 0 0.0 140.0 3.0 2.6653333505
170.333333333 0 0.0 139.333333333 2.33333333333 2.2816666762
-86.6666666667 0 0.0 175.333333333 3.33333333333 1.31633337339
266.333333333 0 0.0 140.333333333 2.66666666667 2.63533337911
-107.333333333 0 0.0 168.666666667 3.66666666667 2.23199995359
1289.66666667 2 0.666666666667 5.66666666667 0.333333333333 10.123999993
200.333333333 0 0.0 133.666666667 2.33333333333 3.1806666851
-63.0 0 0.0 165.333333333 3.0 2.08366672198
18.3333333333 0 0.0 168.333333333 3.33333333333 2.1943333149
413.0 0 0.0 105.666666667 1.33333333333 5.15100002289
-258.0 0 0.0 172.0 3.0 3.47499998411
-226.0 0 0.0 166.333333333 2.66666666667 3.6413333416
116.333333333 0 0.0 127.666666667 2.0 3.92266670863
-235.0 1 0.333333333333 134.0 2.33333333333 9.57666667302
-172.666666667 0 0.0 180.666666667 3.66666666667 1.68733334541
166.333333333 0 0.0 161.666666667 2.66666666667 2.08566665649
-341.666666667 0 0.0 207.333333333 4.0 0.639000018438
112.666666667 0 0.0 93.3333333333 2.33333333333 7.73900000254
52.0 0 0.0 144.0 2.33333333333 3.0883333683
211.333333333 0 0.0 79.6666666667 2.0 8.38833332062
-599.333333333 0 0.0 120.333333333 2.33333333333 11.6500000159
-103.666666667 0 0.0 69.0 1.33333333333 9.36033328374
-191.0 0 0.0 185.0 3.66666666667 1.38166673978
311.0 0 0.0 143.666666667 2.0 3.76999998093
307.666666667 0 0.0 87.0 1.66666666667 5.87033335368
-31.0 0 0.0 172.0 3.0 1.7903333505
-79.0 0 0.0 161.333333333 3.33333333333 2.63200004896
78.3333333333 0 0.0 150.333333333 2.66666666667 2.1450000604
86.3333333333 0 0.0 161.333333333 3.0 1.62766663233
-83.6666666667 0 0.0 150.333333333 3.33333333333 3.875
94.0 0 0.0 122.666666667 2.66666666667 5.23533336322
88.3333333333 0 0.0 133.0 2.66666666667 3.75633335114
-68.0 0 0.0 152.333333333 2.66666666667 4.14699999491
-47.3333333333 0 0.0 179.0 3.33333333333 1.15899999936
176.333333333 0 0.0 122.666666667 2.66666666667 3.79133327802
-349.0 0 0.0 204.0 3.33333333333 1.04199997584
-154.0 0 0.0 164.666666667 3.0 3.58599996567
-218.666666667 0 0.0 192.666666667 4.0 0.855333328247
9.33333333333 0 0.0 150.333333333 2.66666666667 3.49033331871
32.3333333333 0 0.0 147.333333333 2.66666666667 2.83366664251
350.666666667 0 0.0 121.666666667 2.66666666667 2.95533331235
247.333333333 0 0.0 138.666666667 2.0 2.24666666985
171.666666667 0 0.0 84.0 1.33333333333 8.84466671944
244.0 0 0.0 155.333333333 2.66666666667 2.36233329773
404.666666667 0 0.0 50.0 1.0 8.97666668892
-486.333333333 0 0.0 126.333333333 2.33333333333 9.57133332888
-24.0 0 0.0 9.0 1.0 36.0919997692
-140.0 0 0.0 38.0 1.0 48.2199997902
334.0 0 0.0 70.0 1.0 272.56400013
