-340.25 0 0.0 26.375 1.75 0.140952974558
-360.875 0 0.0 36.875 2.0 0.0403788983822
-326.75 0 0.0 31.5 1.875 0.0809272825718
-389.875 0 0.0 38.875 2.0 0.0476817786694
-364.625 0 0.0 35.125 1.75 0.107979357243
-324.125 0 0.0 30.5 1.625 0.131030648947
-398.125 0 0.0 40.875 1.875 0.0652607083321
-328.5 0 0.0 29.625 1.875 0.0740216374397
-315.125 0 0.0 27.625 1.75 0.128269433975
-312.0 0 0.0 25.125 1.875 0.120210975409
-429.25 0 0.0 45.0 2.0 0.0300551652908
-371.75 0 0.0 30.875 2.0 0.105660229921
-392.5 0 0.0 32.875 1.75 0.110789746046
-329.625 0 0.0 26.625 1.875 0.124118357897
-382.5 0 0.0 35.0 1.75 0.102705270052
-418.75 0 0.0 25.75 2.0 0.188848108053
-362.625 0 0.0 32.25 1.625 0.12187319994
-110.25 1 0.125 19.125 1.25 0.17372071743
-389.5 0 0.0 34.375 1.75 0.0858297646046
-415.875 0 0.0 41.125 2.0 0.0508032441139
-350.25 0 0.0 29.0 2.0 0.105820864439
-293.875 0 0.0 28.125 1.5 0.125171005726
-348.0 0 0.0 36.125 1.75 0.0803846120834
-351.25 0 0.0 33.375 1.625 0.129655569792
-384.25 0 0.0 29.625 1.75 0.130536556244
-367.25 0 0.0 32.75 1.75 0.106876015663
-350.875 0 0.0 33.875 1.875 0.103087872267
-391.125 0 0.0 31.125 1.75 0.121641367674
-356.0 0 0.0 30.75 2.0 0.090609639883
-301.5 0 0.0 26.625 1.75 0.0983520746231
-392.5 0 0.0 26.5 1.625 0.173653364182
-406.5 0 0.0 41.25 1.625 0.0883665680885
-289.0 0 0.0 32.0 1.75 0.0851791501045
-383.125 0 0.0 34.875 1.75 0.0980215072632
-350.875 0 0.0 38.875 1.875 0.0609784722328
-326.25 0 0.0 29.375 2.0 0.0781315863132
-404.5 0 0.0 39.5 1.625 0.0816720128059
-368.25 0 0.0 42.5 1.625 0.0407827496529
-408.875 0 0.0 41.0 2.0 0.0474871993065
-378.75 0 0.0 30.625 2.0 0.105740398169
-319.0 0 0.0 33.375 1.625 0.0995409488678
-417.25 0 0.0 44.5 1.75 0.0485021173954
-376.5 0 0.0 27.25 1.875 0.159961730242
-337.0 0 0.0 38.625 1.875 0.0489262938499
-394.75 0 0.0 33.0 2.0 0.105592012405
-363.0 0 0.0 37.5 1.75 0.0773950815201
-393.125 0 0.0 37.5 1.875 0.0647065639496
