-306.222222222 0 0.0 31.2222222222 1.66666666667 0.280333333545
-380.0 0 0.0 42.2222222222 1.77777777778 0.115888913472
-318.888888889 0 0.0 19.0 1.0 0.607222212685
-347.444444444 0 0.0 33.1111111111 1.22222222222 0.281888882319
-317.888888889 0 0.0 37.0 1.66666666667 0.182555543052
-313.444444444 0 0.0 32.8888888889 1.44444444444 0.261333333121
-416.333333333 0 0.0 42.5555555556 2.0 0.0882222122616
-327.333333333 0 0.0 34.7777777778 1.55555555556 0.247111108568
-330.444444444 0 0.0 33.5555555556 1.88888888889 0.142888890372
-328.333333333 0 0.0 27.0 1.66666666667 0.350555578868
-352.333333333 0 0.0 35.4444444444 1.66666666667 0.199777762095
-305.666666667 0 0.0 25.6666666667 1.33333333333 0.377222220103
-368.111111111 0 0.0 32.1111111111 1.66666666667 0.261111100515
-260.444444444 0 0.0 26.8888888889 1.33333333333 0.315888908174
-246.777777778 0 0.0 28.8888888889 1.44444444444 0.295777797699
-384.222222222 0 0.0 36.6666666667 1.66666666667 0.187777784136
-342.555555556 0 0.0 30.6666666667 1.77777777778 0.277555545171
-355.333333333 0 0.0 22.7777777778 1.55555555556 0.471888886558
-414.777777778 0 0.0 36.3333333333 1.88888888889 0.211444457372
-210.333333333 0 0.0 25.2222222222 1.11111111111 0.373888889949
-366.777777778 0 0.0 23.6666666667 1.44444444444 0.438333325916
-290.222222222 0 0.0 27.4444444444 1.22222222222 0.381999995973
-325.555555556 0 0.0 26.1111111111 1.11111111111 0.488777796427
-338.555555556 0 0.0 22.8888888889 1.33333333333 0.430111090342
-322.111111111 0 0.0 32.2222222222 1.33333333333 0.283333328035
-349.666666667 0 0.0 40.1111111111 1.66666666667 0.0998888810476
-387.555555556 0 0.0 29.4444444444 1.55555555556 0.356111102634
-350.111111111 0 0.0 32.0 1.88888888889 0.224444442325
-328.0 0 0.0 31.8888888889 1.44444444444 0.264777766334
-318.777777778 0 0.0 34.0 1.44444444444 0.288111130397
-395.555555556 0 0.0 40.0 1.55555555556 0.193555567
-371.333333333 0 0.0 31.5555555556 1.55555555556 0.275666660733
-360.555555556 0 0.0 32.6666666667 1.77777777778 0.282111114926
-345.0 0 0.0 35.0 1.55555555556 0.300555547078
-343.333333333 0 0.0 27.2222222222 1.33333333333 0.538888904783
-380.888888889 0 0.0 35.2222222222 1.33333333333 0.271444426643
-348.444444444 0 0.0 38.2222222222 1.77777777778 0.13222222858
-265.333333333 0 0.0 33.1111111111 1.44444444444 0.260999997457
-296.333333333 0 0.0 27.1111111111 1.22222222222 0.348777797487
-247.666666667 0 0.0 22.0 1.11111111111 0.482111109628
-344.111111111 0 0.0 31.7777777778 1.66666666667 0.298111094369
-423.0 0 0.0 32.2222222222 1.33333333333 0.412333329519
-435.444444444 0 0.0 46.0 2.0 0.0554444524977
-282.111111111 0 0.0 23.3333333333 1.0 0.351222223706
-327.111111111 0 0.0 28.1111111111 1.44444444444 0.423333326976
-293.777777778 0 0.0 29.5555555556 1.33333333333 0.423111094369
-345.444444444 0 0.0 32.8888888889 1.44444444444 0.276777770784
-259.777777778 0 0.0 26.4444444444 1.33333333333 0.322444438934
-332.444444444 0 0.0 30.4444444444 1.33333333333 0.362555530336
-293.888888889 0 0.0 23.2222222222 0.888888888889 0.519555542204
-435.777777778 0 0.0 31.7777777778 1.22222222222 0.362666659885
-315.777777778 0 0.0 33.3333333333 1.66666666667 0.163333336512
-343.666666667 0 0.0 31.1111111111 1.44444444444 0.36722222964
-287.333333333 0 0.0 27.8888888889 1.11111111111 0.414111110899
-337.444444444 0 0.0 32.0 1.44444444444 0.393222226037
-343.777777778 0 0.0 33.1111111111 1.66666666667 0.299555540085
-339.222222222 0 0.0 30.2222222222 1.44444444444 0.3804444472
-396.888888889 0 0.0 33.1111111111 1.77777777778 0.242888874478
-322.888888889 0 0.0 33.3333333333 1.55555555556 0.221111112171
-307.666666667 0 0.0 28.3333333333 1.22222222222 0.347999996609
-273.222222222 0 0.0 30.1111111111 1.44444444444 0.282000011868
-346.444444444 0 0.0 34.0 1.66666666667 0.214777787526
-366.0 0 0.0 34.3333333333 1.44444444444 0.258333338632
-358.666666667 0 0.0 34.7777777778 1.44444444444 0.288333336512
-349.666666667 0 0.0 31.3333333333 1.77777777778 0.227111101151
-291.555555556 0 0.0 31.2222222222 1.66666666667 0.199000014199
-291.777777778 0 0.0 32.3333333333 1.33333333333 0.345000002119
-305.444444444 0 0.0 31.3333333333 1.22222222222 0.317444456948
-425.555555556 0 0.0 32.5555555556 1.55555555556 0.357999987072
-375.777777778 0 0.0 33.8888888889 1.77777777778 0.227999978595
-314.555555556 0 0.0 25.2222222222 1.44444444444 0.410666677687
-365.777777778 0 0.0 33.7777777778 1.44444444444 0.253333330154
-221.0 1 0.111111111111 25.0 1.44444444444 0.408444431093
-150.888888889 1 0.111111111111 22.3333333333 1.22222222222 0.498555580775
-304.666666667 0 0.0 23.5555555556 1.33333333333 0.385444455677
-324.555555556 0 0.0 26.8888888889 1.33333333333 0.367444462246
-387.0 0 0.0 40.0 1.88888888889 0.177999999788
-353.0 0 0.0 29.1111111111 1.22222222222 0.336999999152
-372.888888889 0 0.0 40.6666666667 1.66666666667 0.135111120012
-367.111111111 0 0.0 27.6666666667 1.66666666667 0.298777765698
-360.777777778 0 0.0 21.2222222222 1.44444444444 0.525777790282
-339.333333333 0 0.0 32.6666666667 1.77777777778 0.223111126158
-391.222222222 0 0.0 24.4444444444 1.44444444444 0.428333335453
-301.888888889 0 0.0 22.3333333333 1.33333333333 0.446444458432
-432.555555556 0 0.0 30.3333333333 1.55555555556 0.413555542628
-369.0 0 0.0 34.1111111111 1.44444444444 0.262888881895
-355.0 0 0.0 30.1111111111 1.55555555556 0.330444441901
-354.777777778 0 0.0 36.6666666667 1.55555555556 0.222444454829
-337.0 0 0.0 28.4444444444 1.44444444444 0.346444447835
-387.0 0 0.0 30.6666666667 1.44444444444 0.311222235362
-205.111111111 1 0.111111111111 27.7777777778 1.44444444444 0.315222210354
-352.666666667 0 0.0 34.2222222222 1.55555555556 0.261222230064
-276.333333333 0 0.0 26.0 1.33333333333 0.431777768665
-340.0 0 0.0 25.6666666667 1.0 0.529666688707
-256.888888889 0 0.0 22.1111111111 1.44444444444 0.376666651832
-382.111111111 0 0.0 26.7777777778 1.88888888889 0.3413333363
-197.333333333 1 0.111111111111 27.2222222222 1.55555555556 0.31488887469
-339.222222222 0 0.0 23.2222222222 1.33333333333 0.521888891856
-332.888888889 0 0.0 29.8888888889 1.77777777778 0.271888865365
-403.111111111 0 0.0 32.0 1.55555555556 0.327888886134
-348.777777778 0 0.0 34.4444444444 1.55555555556 0.220888906055
-312.666666667 0 0.0 27.2222222222 1.33333333333 0.342000007629
-374.888888889 0 0.0 37.4444444444 1.55555555556 0.212888876597
-389.444444444 0 0.0 40.3333333333 1.88888888889 0.123888889949
-377.0 0 0.0 32.1111111111 1.55555555556 0.324444426431
-410.555555556 0 0.0 41.4444444444 1.88888888889 0.150777790282
-363.666666667 0 0.0 28.3333333333 1.55555555556 0.404999997881
-324.111111111 0 0.0 24.4444444444 1.33333333333 0.410222212474
-352.222222222 0 0.0 34.2222222222 1.66666666667 0.172222216924
-305.111111111 0 0.0 25.6666666667 1.55555555556 0.345444440842
-408.0 0 0.0 37.7777777778 1.77777777778 0.219000021617
-330.111111111 0 0.0 35.8888888889 1.66666666667 0.19166665607
-379.444444444 0 0.0 34.5555555556 1.77777777778 0.190666675568
-298.888888889 0 0.0 27.4444444444 1.11111111111 0.486555549834
-249.111111111 1 0.111111111111 26.8888888889 1.66666666667 0.390555567212
-343.777777778 0 0.0 24.0 1.33333333333 0.417111105389
-209.111111111 1 0.111111111111 22.2222222222 1.22222222222 0.458888901605
-380.444444444 0 0.0 28.7777777778 1.77777777778 0.300666650136
-310.444444444 0 0.0 32.5555555556 1.11111111111 0.301333347956
-247.777777778 0 0.0 30.4444444444 1.55555555556 0.313000016742
-321.888888889 0 0.0 30.7777777778 1.77777777778 0.274999989404
-302.1 0 0.0 26.2 1.4 0.3223999977110.0
-333.1 0 0.0 29.6 1.2 0.386499977112 0.0
-213.1 1 0.1 23.0 1.4 0.378900003433 0.0
-281.2 0 0.0 28.5 1.2 0.312700009346 2.52603083254e+29
-364.7 0 0.0 35.1 1.6 0.181700015068 83.7
