735 81 -41.0
890 90 -230.0
1830 131 -231.0
1310 126 24.0
1580 92 -52.0
530 39 -339.0
1370 138 -18.0
590 30 -300.0
335 17 -377.0
1970 143 37.0
1210 81 -1.0
215 12 -402.0
975 52 -192.0
505 28 -308.0
1215 85 -125.0
2670 224 126.0
1610 97 -87.0
470 27 -327.0
1205 96 -206.0
705 34 -234.0
1320 87 -157.0
1110 56 -106.0
1445 120 -80.0
720 42 -272.0
565 29 -339.0
325 23 -363.0
2925 215 775.0
955 58 -148.0
480 21 -311.0
1050 52 -102.0
1395 73 -113.0
1315 97 -67.0
3450 327 -97.0
2205 225 -25.0
2210 145 45.0
415 22 -362.0
1830 158 -138.0
295 18 -388.0
635 36 -336.0
1625 115 -75.0
540 23 -313.0
520 25 -305.0
360 17 -367.0
1915 128 82.0
2085 160 150.0
3045 239 611.0
1825 123 27.0
430 22 -362.0
1835 133 87.0
2520 161 69.0
3160 274 326.0
1245 62 128.0
2345 151 539.0
2800 256 604.0
480 26 -316.0
655 24 -334.0
500 21 -321.0
1420 94 -254.0
1160 65 -125.0
1685 113 -73.0
2560 219 241.0
1970 134 -94.0
470 23 -293.0
2440 184 236.0
1335 71 -61.0
1810 118 -278.0
2985 288 102.0
3180 201 219.0
2510 162 158.0
1845 119 -69.0
975 85 -245.0
2680 159 171.0
385 21 -331.0
615 26 -346.0
1540 104 276.0
495 24 -344.0
1155 60 -140.0
515 26 -296.0
1065 51 -131.0
640 30 -280.0
2300 164 186.0
1575 108 2.0
445 22 -332.0
485 27 -327.0
3140 210 1260.0
850 66 184.0
1945 137 313.0
1885 107 43.0
2640 203 27.0
295 14 -384.0
2170 121 229.0
1015 59 -279.0
2660 201 239.0
1350 100 -110.0
1415 94 -114.0
1780 101 89.0
2520 153 117.0
1380 82 -32.0
1110 54 -194.0
890 59 -239.0
560 30 -270.0
1175 83 -103.0
415 20 -330.0
675 36 -236.0
1530 105 235.0
455 24 -324.0
4205 302 1368.0
1965 114 86.0
2030 117 103.0
1910 103 287.0
615 30 -290.0
610 30 -280.0
2160 126 74.0
1935 138 242.0
645 31 -291.0
1770 102 -52.0
320 27 -327.0
1140 51 -101.0
1240 80 -170.0
2505 221 399.0
2025 150 210.0
2615 206 144.0
510 29 -319.0
1775 85 15.0
1680 128 -228.0
405 22 -342.0
370 18 -358.0
765 70 -230.0
1100 50 -200.0
215 12 -402.0
1030 63 -133.0
1075 85 -175.0
3105 186 164.0
3425 219 1251.0
2750 202 168.0
1210 76 -106.0
2495 179 101.0
930 40 -210.0
900 78 -208.0
890 104 -244.0
2705 170 1300.0
2285 147 -17.0
520 23 -303.0
3195 263 157.0
2825 266 144.0
2560 180 620.0
3540 277 -77.0
1945 117 123.0
2900 251 -1.0
1815 130 10.0
2430 179 351.0
2920 260 310.0
825 39 -209.0
1715 141 -71.0
1060 74 -224.0
2300 151 139.0
1835 108 -68.0
2320 152 98.0
1290 79 -59.0
220 15 -415.0
1870 112 98.0
735 37 -237.0
3575 439 1031.0
1340 82 -82.0
900 45 -185.0
350 25 -325.0
2795 166 174.0
1650 105 -25.0
1555 88 92.0
2380 169 131.0
3025 307 353.0
2210 136 234.0
215 15 -375.0
610 30 -310.0
1410 113 247.0
1575 75 65.0
1775 130 30.0
2875 205 425.0
2440 197 373.0
1125 59 -79.0
345 15 -365.0
1235 98 -58.0
3095 195 1275.0
3935 286 1384.0
585 37 -297.0
3095 218 1252.0
2615 167 1303.0
3485 239 1231.0
2580 209 351.0
2895 208 242.0
2065 114 116.0
1680 92 18.0
945 90 -220.0
2930 180 1290.0
345 15 -365.0
1635 100 -80.0
2005 134 136.0
710 39 -249.0
1150 76 -166.0
2855 210 1260.0
930 55 -165.0
3335 245 1225.0
1400 83 -43.0
1230 82 -92.0
525 26 -316.0
360 18 -368.0
2385 190 -20.0
2930 217 123.0
2840 190 1480.0
2330 140 110.0
2565 154 376.0
1970 105 75.0
2410 150 160.0
3155 228 1242.0
2135 142 -12.0
2660 207 1263.0
2815 207 253.0
2595 191 199.0
3460 258 602.0
3620 253 1417.0
1450 68 -78.0
3270 211 179.0
5380 400 200.0
2470 183 187.0
3005 302 1168.0
575 28 -328.0
2900 214 1256.0
410 27 -327.0
2940 296 124.0
400 19 -359.0
3020 176 1294.0
1200 80 -240.0
3855 336 484.0
585 28 -258.0
485 27 -327.0
680 34 -304.0
255 15 -365.0
1785 112 58.0
3065 263 77.0
655 29 -279.0
2595 178 112.0
2510 144 466.0
1740 121 79.0
4460 279 1191.0
890 42 -222.0
1895 116 14.0
620 27 -327.0
1695 94 -44.0
650 28 -298.0
1120 60 -220.0
1065 70 30.0
3490 259 -69.0
2855 217 1253.0
2820 195 225.0
485 21 -321.0
3105 347 103.0
2240 151 169.0
545 37 -337.0
3395 196 1274.0
1120 81 -111.0
2090 143 147.0
720 36 -266.0
2220 150 380.0
2170 174 66.0
435 25 -375.0
3035 185 215.0
2120 134 56.0
2795 171 1299.0
2430 155 235.0
915 47 -217.0
1025 62 -202.0
2240 186 474.0
2405 143 117.0
2090 133 -63.0
3050 200 1270.0
1135 55 -95.0
3680 271 1199.0
2280 171 129.0
3430 268 192.0
1630 100 80.0
3650 235 1235.0
2735 197 1273.0
2760 195 255.0
2125 133 -13.0
2590 207 73.0
305 15 -375.0
1230 99 -229.0
1170 76 -126.0
3710 277 1193.0
4310 336 1134.0
2765 166 1304.0
1235 61 -31.0
1700 138 -38.0
655 55 -335.0
2645 213 -53.0
2765 213 1257.0
2510 147 133.0
235 14 -384.0
3080 249 1221.0
2255 131 149.0
3140 182 1288.0
2915 178 1492.0
2850 203 127.0
3430 220 -40.0
765 38 -268.0
2845 206 454.0
2420 146 314.0
3550 268 192.0
930 70 -200.0
110 8 -428.0
1015 61 -121.0
2495 157 103.0
3470 226 1444.0
3110 179 101.0
690 33 -263.0
1680 120 -40.0
1415 67 3.0
2115 116 54.0
570 32 -262.0
3605 210 1260.0
2165 148 12.0
2690 230 80.0
840 37 -237.0
1770 101 39.0
585 31 -261.0
3115 237 193.0
3200 221 1249.0
1730 138 -98.0
1105 66 44.0
955 62 -72.0
1915 132 68.0
1620 89 21.0
3335 233 1237.0
465 21 -341.0
1845 159 -79.0
2635 162 78.0
2825 222 1248.0
915 62 -252.0
3115 219 141.0
2990 209 1461.0
2105 140 -100.0
3595 313 147.0
1430 82 -12.0
3200 230 1240.0
1735 98 22.0
2560 160 -100.0
2705 193 1277.0
970 60 -280.0
2750 169 1301.0
2120 197 -7.0
1105 83 -3.0
275 15 -375.0
2170 135 345.0
3155 199 1471.0
3025 286 374.0
1275 58 -138.0
2895 216 204.0
3215 208 1262.0
2865 196 184.0
1795 125 65.0
3630 269 381.0
2915 246 1224.0
1490 101 -1.0
3115 211 249.0
2875 182 238.0
1570 96 -66.0
1760 75 -135.0
765 38 -268.0
395 23 -323.0
1575 92 -12.0
1800 94 66.0
1610 84 46.0
3230 224 1246.0
2750 164 276.0
990 62 -162.0
495 20 -340.0
1380 97 -167.0
2200 141 219.0
545 25 -295.0
3215 215 225.0
2295 163 337.0
2565 137 163.0
1220 107 103.0
2810 198 242.0
3020 203 1267.0
415 24 -334.0
235 13 -383.0
3155 187 1283.0
3320 187 1283.0
1640 83 77.0
2315 154 256.0
2450 164 236.0
3725 301 1169.0
3320 329 51.0
2760 132 218.0
2515 162 48.0
2915 177 1293.0
2050 127 183.0
3065 211 1259.0
455 24 -324.0
2840 191 1279.0
3065 201 199.0
595 31 -281.0
1285 81 -111.0
3070 230 230.0
2810 156 1314.0
1355 86 -46.0
290 18 -378.0
2960 227 1243.0
260 12 -402.0
1980 123 317.0
1160 71 -121.0
535 30 -310.0
3565 206 74.0
2815 171 199.0
3535 276 384.0
3920 346 1124.0
2075 154 136.0
2000 134 26.0
3440 252 1218.0
3620 249 1421.0
2885 184 1286.0
2865 185 265.0
1880 118 42.0
2005 130 20.0
3510 318 102.0
3070 183 27.0
2310 156 114.0
2810 194 1276.0
2480 142 108.0
840 36 -266.0
3555 277 173.0
520 25 -305.0
2590 244 96.0
2770 195 375.0
1690 97 -227.0
2615 180 230.0
3395 219 1251.0
2515 160 240.0
2510 129 151.0
3245 203 1467.0
840 40 -210.0
2505 183 167.0
1245 53 -193.0
2780 222 1248.0
3635 251 1219.0
1950 140 -30.0
4280 301 1169.0
2095 134 16.0
2260 118 92.0
2780 171 1299.0
3350 290 1180.0
3620 235 1235.0
3080 250 1220.0
3590 260 1210.0
2295 136 154.0
2465 176 264.0
2615 177 1293.0
2610 180 180.0
3530 233 1237.0
1825 105 145.0
2955 255 245.0
3185 253 1217.0
3020 223 1247.0
1195 93 -153.0
3450 248 202.0
2935 202 158.0
2190 121 209.0
2120 160 120.0
3530 224 1246.0
2315 142 168.0
2915 184 1286.0
2670 200 -30.0
3530 272 1198.0
2890 157 173.0
1715 75 55.0
1610 106 -96.0
1050 69 -149.0
2885 237 1233.0
600 26 -316.0
1535 120 10.0
3365 234 206.0
1070 76 -186.0
1770 109 1.0
1940 101 89.0
280 13 -383.0
2260 142 188.0
2380 107 273.0
1015 57 -147.0
1130 65 -145.0
2440 175 425.0
2770 183 -93.0
2685 158 132.0
2125 136 84.0
2915 188 1282.0
215 12 -402.0
3725 305 1165.0
895 61 -151.0
3195 294 126.0
2290 143 137.0
1075 75 -165.0
2600 152 258.0
560 25 -325.0
2675 193 1477.0
2370 170 220.0
2420 143 137.0
2030 119 41.0
3210 228 222.0
2160 142 98.0
2005 139 111.0
2205 142 128.0
525 29 -289.0
3150 184 206.0
2655 155 105.0
4595 321 1149.0
1080 72 -172.0
765 33 -233.0
2495 179 231.0
3470 308 1362.0
995 52 -172.0
1780 85 95.0
3445 220 180.0
2530 185 475.0
1980 102 28.0
2450 158 182.0
240 20 -370.0
3215 216 1454.0
2385 139 361.0
2525 162 178.0
2145 126 374.0
1865 115 15.0
2100 152 58.0
3035 249 1221.0
2825 196 124.0
2015 137 83.0
3240 211 439.0
1275 51 -221.0
2335 136 204.0
2110 116 134.0
1055 64 -204.0
3605 274 1196.0
2055 190 -80.0
2825 189 1281.0
650 32 -302.0
1240 61 -101.0
2765 208 1262.0
2805 206 54.0
3095 211 1259.0
2375 195 115.0
2555 179 201.0
2755 211 449.0
3065 212 1258.0
2840 176 464.0
2660 194 216.0
1350 78 202.0
910 77 -27.0
1535 82 78.0
1760 133 97.0
3035 212 1258.0
2840 264 1206.0
920 56 -166.0
3065 204 376.0
3710 310 1160.0
2000 132 -2.0
2385 150 270.0
1150 70 70.0
3740 199 51.0
3260 241 279.0
1520 83 -203.0
2230 124 56.0
1420 82 -52.0
2870 220 40.0
1035 68 -138.0
2975 227 1243.0
2855 169 271.0
3470 266 1204.0
2120 140 150.0
4910 310 1360.0
2425 179 421.0
1600 119 -89.0
2405 156 164.0
3095 198 452.0
2960 244 1226.0
3155 204 196.0
3710 230 1240.0
2465 160 160.0
595 55 -295.0
2350 171 229.0
3215 232 1238.0
2510 167 273.0
1300 65 -95.0
2140 147 63.0
3320 257 1213.0
1000 43 -203.0
950 53 -163.0
1345 100 -70.0
2010 136 34.0
3480 205 175.0
2630 152 1318.0
3155 228 1242.0
500 30 -330.0
2690 221 1449.0
1230 61 -81.0
2370 165 255.0
3395 244 1226.0
575 31 -331.0
2240 145 45.0
1870 109 -19.0
1680 98 -258.0
1150 50 -150.0
1225 71 -101.0
3470 278 1192.0
480 21 -311.0
2615 198 382.0
1435 82 -52.0
3260 206 1264.0
1865 102 78.0
3680 278 -28.0
1385 90 -230.0
4375 264 276.0
2735 175 1295.0
3020 200 1270.0
2620 161 169.0
2195 145 145.0
2830 189 181.0
1235 66 -116.0
475 27 -337.0
2635 212 -2.0
1095 62 -102.0
175 14 -384.0
2750 168 1302.0
3575 221 1649.0
1785 110 0.0
885 70 -200.0
2690 197 213.0
1030 70 -160.0
415 24 -334.0
2840 159 1511.0
2430 149 201.0
3875 242 1228.0
500 29 -269.0
2675 173 1297.0
4830 656 -206.0
770 42 -312.0
3125 243 1227.0
1705 142 -82.0
1985 141 119.0
2165 127 193.0
3565 270 100.0
1780 112 148.0
2575 180 120.0
3155 227 1443.0
1920 110 -250.0
2800 209 251.0
2960 269 1201.0
2915 202 1268.0
2265 141 249.0
1305 62 -52.0
3260 163 1307.0
3350 201 1269.0
2795 184 1286.0
3880 418 12.0
2585 175 85.0
2165 131 89.0
955 65 -215.0
1910 111 339.0
2295 134 366.0
1790 116 74.0
2945 203 147.0
3130 185 275.0
2755 178 152.0
3035 189 211.0
1070 70 310.0
3125 245 1425.0
1225 80 -80.0
2750 162 1308.0
2795 176 1294.0
3035 194 1276.0
2255 102 248.0
3080 272 1198.0
3590 239 1231.0
1690 97 63.0
2605 145 195.0
3920 275 1195.0
3230 217 223.0
3645 244 206.0
840 78 -208.0
2825 189 1281.0
560 32 -272.0
2615 185 355.0
3080 191 1279.0
3065 180 1290.0
2215 166 174.0
970 62 -182.0
1720 105 55.0
3110 205 1265.0
2675 180 1290.0
1035 65 -165.0
2640 237 83.0
3080 205 1265.0
3395 263 1207.0
2270 125 185.0
1705 82 68.0
2370 179 511.0
2830 158 22.0
2900 167 1303.0
2905 183 237.0
3135 255 35.0
2285 175 115.0
1005 80 -240.0
1355 68 -128.0
2055 126 134.0
2295 142 178.0
3080 250 1220.0
3050 225 1245.0
2355 127 263.0
3275 194 1276.0
1865 119 -19.0
2235 166 4.0
1865 126 234.0
2345 149 221.0
2465 176 224.0
185 11 -401.0
3990 406 -56.0
4010 303 1167.0
2515 174 -54.0
1370 81 -101.0
1665 122 -42.0
2165 135 135.0
2655 181 209.0
1825 124 26.0
1080 66 -196.0
2355 115 85.0
2280 195 195.0
3035 202 1268.0
1650 120 -10.0
335 17 -347.0
2665 182 258.0
600 32 -292.0
1270 59 -59.0
1555 82 8.0
3080 238 1232.0
875 46 -286.0
2580 167 193.0
1300 67 -67.0
2645 205 45.0
2090 134 -4.0
3965 329 1141.0
2535 168 422.0
4520 348 1322.0
1385 86 -76.0
2815 173 167.0
2590 164 226.0
3395 287 1183.0
1220 67 -127.0
580 25 -365.0
2975 223 1247.0
1625 83 -13.0
1725 132 48.0
2600 171 1299.0
850 54 -34.0
2570 173 1497.0
2825 237 1233.0
1420 82 -22.0
1090 62 -152.0
1825 149 -89.0
2440 164 206.0
2975 167 1503.0
3995 286 1584.0
1835 121 -81.0
1870 117 203.0
3635 210 1260.0
1595 106 -66.0
440 21 -321.0
2915 214 -54.0
2095 131 79.0
2010 106 124.0
405 18 -368.0
3170 235 1235.0
920 48 -168.0
1470 82 -92.0
2960 233 1237.0
1160 64 -84.0
1965 115 55.0
320 22 -352.0
4085 268 1202.0
1705 105 165.0
1890 129 -49.0
1345 80 -50.0
3860 259 1211.0
1885 106 -16.0
1130 67 53.0
730 44 -234.0
2790 208 382.0
2930 204 1266.0
1080 52 -132.0
3380 237 1233.0
3165 219 231.0
1835 114 76.0
3815 326 1144.0
1215 67 93.0
410 24 -324.0
455 24 -324.0
1685 123 -203.0
4040 373 1097.0
1775 84 136.0
1970 135 -95.0
2840 207 1463.0
2375 178 72.0
3260 232 1238.0
3050 176 1294.0
3315 222 188.0
645 29 -289.0
3515 274 1196.0
2910 180 240.0
935 56 -296.0
905 54 -174.0
500 32 -332.0
3590 315 1155.0
1005 54 -164.0
395 17 -347.0
1760 109 51.0
600 33 -353.0
1480 71 -71.0
630 31 -351.0
605 52 -352.0
2715 203 127.0
2955 195 215.0
2995 209 181.0
1155 50 -130.0
1785 116 164.0
155 12 -402.0
1275 91 -221.0
2330 138 52.0
2830 221 239.0
1960 119 61.0
1785 101 69.0
1395 81 -1.0
685 33 -253.0
2250 152 118.0
3440 290 1180.0
570 24 -344.0
680 36 -246.0
2695 154 286.0
2440 168 112.0
3125 212 1258.0
4385 347 1323.0
3185 173 1297.0
850 47 -267.0
1815 135 5.0
3880 325 135.0
1455 77 -57.0
215 12 -402.0
1640 89 1.0
2820 209 121.0
2935 200 170.0
2090 145 105.0
3905 223 1247.0
2115 133 -53.0
455 24 -324.0
3095 220 1250.0
2945 193 1277.0
2660 181 359.0
2530 152 388.0
2565 211 179.0
2890 187 243.0
3245 264 1206.0
3455 273 1197.0
1505 105 -35.0
3230 211 1259.0
3785 304 1166.0
3005 190 1280.0
745 34 -254.0
1240 66 -106.0
2840 151 1519.0
1225 79 -79.0
2365 164 46.0
2595 179 -69.0
3110 212 1258.0
335 16 -376.0
3395 246 1224.0
2710 187 273.0
1420 86 -86.0
545 24 -324.0
965 67 -207.0
3025 199 231.0
3050 177 173.0
2840 178 1292.0
2370 161 229.0
1395 96 -46.0
2975 187 1283.0
2930 210 1260.0
1740 97 -17.0
1410 78 -58.0
1035 61 -161.0
3095 234 1236.0
1035 85 -215.0
155 8 -428.0
1805 125 115.0
645 25 -345.0
2350 182 158.0
3370 243 217.0
4055 333 1337.0
2060 148 42.0
1230 71 -111.0
2885 213 1257.0
2000 127 -117.0
3380 187 1283.0
2475 131 219.0
3330 233 157.0
220 16 -386.0
2735 211 1259.0
2035 110 100.0
2155 212 -32.0
2980 217 183.0
680 39 -279.0
3440 260 1210.0
785 33 -213.0
2155 133 177.0
1390 82 8.0
2700 175 245.0
2105 117 133.0
1505 127 -57.0
975 82 -212.0
2105 142 148.0
300 16 -366.0
1945 141 69.0
480 22 -342.0
3410 230 610.0
1135 63 -183.0
2810 188 1282.0
470 26 -356.0
1585 120 -60.0
2510 185 1285.0
2145 141 159.0
1550 110 -70.0
360 15 -365.0
3210 179 211.0
2120 130 -90.0
2210 111 -11.0
3245 274 166.0
1875 118 -158.0
1095 81 -211.0
3230 192 1278.0
825 35 -235.0
2215 157 183.0
235 13 -413.0
1720 104 16.0
3515 204 1266.0
2695 158 92.0
1370 75 -165.0
2610 219 201.0
3140 216 1254.0
2180 177 -17.0
470 29 -359.0
875 40 -340.0
3245 218 1252.0
3440 240 1230.0
3830 294 1176.0
3290 247 1223.0
2355 184 16.0
260 11 -401.0
3295 198 262.0
2015 99 91.0
2930 203 1467.0
3150 235 145.0
1190 70 -90.0
825 61 -191.0
3290 278 1192.0
2750 195 1275.0
3155 199 1271.0
2455 155 215.0
2730 177 443.0
1485 85 -95.0
1510 77 -47.0
2285 118 102.0
2090 132 278.0
1075 62 78.0
2975 244 1226.0
2140 174 76.0
3545 299 131.0
215 15 -375.0
1285 63 17.0
3050 179 1291.0
1540 101 -41.0
2290 134 196.0
2960 170 1300.0
3035 282 1188.0
2225 150 140.0
1305 73 -53.0
1285 82 -272.0
1305 86 -156.0
1000 78 -108.0
185 11 -401.0
2990 182 1288.0
3335 203 1267.0
2800 176 104.0
1680 112 -212.0
430 27 -337.0
2900 189 1281.0
2540 176 264.0
1410 83 -33.0
935 65 -205.0
3680 268 1202.0
1230 55 -135.0
1165 75 -135.0
3120 187 233.0
3650 213 1457.0
2760 239 111.0
1410 89 -39.0
845 61 -201.0
1625 113 -73.0
1945 142 -92.0
3790 296 164.0
2900 193 1277.0
2635 181 249.0
2365 124 176.0
1465 120 -150.0
2740 180 240.0
920 45 -165.0
1035 48 -188.0
3170 206 1264.0
2910 190 230.0
3965 231 1239.0
980 45 -135.0
3115 273 187.0
2630 160 160.0
1785 100 80.0
935 45 -225.0
1895 102 88.0
3335 206 1264.0
3380 273 1197.0
2170 142 98.0
2020 107 253.0
1035 62 -142.0
1755 109 31.0
155 12 -402.0
2330 146 264.0
1535 94 -144.0
2490 170 180.0
3380 219 1251.0
2825 244 1226.0
2600 173 1297.0
2965 213 217.0
1170 76 -116.0
3995 272 1198.0
1415 88 -138.0
1270 69 -69.0
2525 152 228.0
2355 187 103.0
1005 63 -133.0
1815 88 -18.0
900 61 -191.0
960 45 -155.0
3230 236 1434.0
400 19 -359.0
2495 193 257.0
3140 222 1248.0
3125 227 1243.0
2915 248 1222.0
570 21 -341.0
1590 96 74.0
2285 112 118.0
2210 156 -116.0
2960 196 1474.0
860 37 -217.0
2915 243 1227.0
1675 102 -42.0
2225 135 215.0
3185 190 1280.0
1725 99 81.0
1265 89 -199.0
1535 92 48.0
3290 197 1273.0
1720 92 -72.0
2705 165 1305.0
2365 134 136.0
1660 80 90.0
3065 240 1230.0
2610 171 119.0
1215 68 -108.0
1740 97 73.0
610 31 -251.0
2505 167 223.0
3055 203 137.0
3140 204 1266.0
2795 194 1276.0
3065 254 1216.0
3235 263 167.0
1895 109 -39.0
3840 246 1224.0
1710 112 -62.0
520 22 -332.0
1090 51 -181.0
2930 234 1436.0
2695 252 208.0
350 17 -347.0
400 22 -392.0
3220 225 405.0
520 24 -334.0
2655 212 -132.0
1455 78 -58.0
1250 69 -219.0
2000 122 98.0
2595 168 222.0
2560 187 53.0
2990 191 1279.0
3620 259 1211.0
2525 172 178.0
2810 151 1319.0
535 25 -305.0
2905 170 220.0
615 31 -351.0
2050 109 161.0
2520 191 229.0
1775 88 62.0
2900 226 214.0
2030 99 151.0
2200 114 126.0
2215 139 131.0
1255 63 -163.0
410 25 -325.0
2430 189 -19.0
1230 52 -102.0
3530 285 1185.0
1040 71 -181.0
3530 222 1248.0
1940 109 141.0
4100 271 1199.0
2175 129 11.0
3110 193 1277.0
1970 116 -76.0
2560 157 503.0
1965 117 53.0
1295 78 -68.0
4650 300 -40.0
1300 85 -175.0
950 49 -229.0
750 65 -225.0
3245 203 1267.0
2070 124 -4.0
830 30 -300.0
2630 182 1488.0
2630 157 1313.0
3290 269 1601.0
1180 63 -123.0
1850 141 -41.0
1630 94 -4.0
3085 189 241.0
3290 203 1267.0
3240 239 211.0
365 24 -324.0
3710 262 1208.0
3360 295 55.0
1970 127 63.0
970 46 -176.0
4415 259 1411.0
3920 276 -26.0
2555 145 205.0
2545 189 141.0
2670 199 181.0
2475 160 220.0
3185 189 251.0
710 37 -217.0
3830 306 1164.0
3530 250 1420.0
2675 197 1273.0
3295 282 178.0
1660 117 -17.0
3365 297 1173.0
3210 216 234.0
2835 174 186.0
1965 124 106.0
405 18 -338.0
2600 151 1319.0
1535 110 -10.0
1035 61 -191.0
2305 135 135.0
1505 78 22.0
940 69 -219.0
3695 214 1456.0
775 31 -341.0
2030 125 65.0
1540 87 -57.0
3460 224 106.0
2660 159 1511.0
4790 397 1073.0
3440 211 1259.0
3440 226 1244.0
1735 132 28.0
3000 211 239.0
1735 103 -73.0
2555 160 1310.0
2310 163 -53.0
2335 118 212.0
2960 185 1285.0
2790 182 438.0
4610 348 1122.0
1695 88 -38.0
1140 66 -166.0
3615 224 156.0
2665 187 383.0
2765 201 1269.0
1540 90 -120.0
3145 208 222.0
3005 196 1274.0
1375 89 -149.0
1090 71 -101.0
2330 120 160.0
1160 66 -146.0
4160 277 133.0
3325 285 175.0
1515 90 -10.0
3010 186 154.0
850 42 38.0
1675 87 63.0
2120 128 -38.0
3230 196 1274.0
2385 180 20.0
2570 161 119.0
895 57 -97.0
2620 224 146.0
2795 179 1291.0
2115 140 160.0
2305 163 107.0
2240 143 217.0
2190 148 82.0
3370 186 214.0
3185 249 1221.0
3070 195 465.0
1955 142 48.0
2800 173 227.0
2780 177 1293.0
1935 124 46.0
455 24 -324.0
3590 216 1254.0
435 21 -341.0
2825 236 174.0
1710 93 -13.0
3680 226 1244.0
1235 107 -217.0
2015 112 78.0
3890 327 1143.0
880 47 -207.0
3200 244 1226.0
920 62 -172.0
2440 166 294.0
1335 86 -126.0
3950 362 1108.0
3040 224 176.0
2780 199 1271.0
1335 80 -30.0
1895 142 -12.0
2455 165 345.0
3065 166 1304.0
1590 85 195.0
1615 87 3.0
2005 113 247.0
2510 182 98.0
3125 232 1238.0
1770 150 -70.0
2235 161 199.0
2700 199 221.0
3275 231 1239.0
2585 201 1469.0
880 41 -171.0
1280 105 -125.0
2660 158 1512.0
1735 100 80.0
2880 184 196.0
2735 179 1291.0
1010 50 -170.0
315 16 -396.0
3365 291 1179.0
2145 164 196.0
1655 82 -42.0
2430 175 275.0
1185 62 -262.0
1490 86 14.0
3225 197 423.0
2515 173 217.0
3545 223 1447.0
3170 231 1239.0
1120 73 -133.0
3455 203 1267.0
2660 152 1318.0
1260 67 -77.0
2575 160 240.0
1690 83 27.0
310 16 -356.0
3140 240 1230.0
3455 250 90.0
1455 98 -108.0
1695 116 54.0
3275 210 1260.0
465 26 -376.0
2825 168 1302.0
1660 105 -75.0
1025 68 -148.0
3065 212 1458.0
1745 142 -42.0
2570 179 221.0
1220 86 -136.0
510 28 -318.0
2600 160 1510.0
1830 168 -148.0
1300 66 -36.0
1560 98 12.0
455 24 -324.0
3305 217 123.0
2800 149 151.0
455 24 -324.0
2510 152 1318.0
940 49 -209.0
570 28 -288.0
1995 106 -86.0
2155 143 167.0
1305 121 -251.0
3395 233 1237.0
2105 138 102.0
2960 169 1301.0
2120 86 -56.0
3380 237 1233.0
2975 181 1289.0
2415 192 308.0
3245 243 1227.0
2080 129 81.0
2225 135 205.0
2745 217 203.0
1720 75 35.0
1260 106 -116.0
4315 308 152.0
2920 188 272.0
1440 96 184.0
1845 118 22.0
3450 205 215.0
2330 164 286.0
3000 182 468.0
155 12 -402.0
3050 226 1244.0
3170 224 186.0
2395 170 160.0
1265 88 -138.0
1065 57 -157.0
615 26 -346.0
3020 230 1240.0
745 42 -202.0
2500 225 45.0
1380 93 -73.0
825 39 -269.0
2990 220 1250.0
2490 173 197.0
3575 196 1274.0
2960 253 1217.0
1355 94 -144.0
2385 178 122.0
2915 183 1287.0
2800 231 39.0
1955 124 -24.0
3305 230 1240.0
3215 227 1243.0
2300 158 62.0
3050 206 1464.0
800 41 -281.0
3590 263 1207.0
2160 127 133.0
3200 181 1289.0
325 13 -383.0
3200 221 1249.0
2625 170 90.0
1325 76 -76.0
3830 266 1204.0
155 12 -402.0
3110 215 395.0
3380 225 1245.0
1625 106 -186.0
3605 239 1231.0
3440 198 1272.0
3590 268 1202.0
2590 202 -22.0
1385 77 -127.0
2540 185 195.0
3560 230 1240.0
440 25 -325.0
2990 189 1281.0
1940 121 39.0
720 35 -295.0
980 47 -167.0
500 27 -327.0
1525 81 149.0
3605 231 1239.0
995 57 -177.0
4400 277 1193.0
930 37 -237.0
715 39 -259.0
1965 114 -34.0
2830 198 72.0
1435 92 -122.0
2870 175 1495.0
2900 187 1283.0
1020 75 -145.0
2805 160 220.0
610 29 -279.0
3260 218 1252.0
3200 255 1215.0
3185 181 1289.0
3380 228 1242.0
2700 166 284.0
2610 191 199.0
1505 91 -21.0
3275 276 1194.0
2090 121 99.0
1725 103 97.0
3080 200 1270.0
3425 227 183.0
2740 174 256.0
1630 73 -53.0
570 29 -349.0
1650 111 -61.0
3350 229 1241.0
1055 73 -183.0
1380 102 -142.0
285 15 -365.0
955 65 -215.0
2815 193 107.0
2750 178 72.0
4610 300 1170.0
2560 161 269.0
520 29 -309.0
3155 186 1284.0
650 36 -306.0
1830 127 73.0
3085 187 273.0
2315 169 -9.0
1515 92 -132.0
3685 225 235.0
1940 108 12.0
905 47 -197.0
1435 86 -176.0
2720 142 1328.0
525 24 -344.0
1485 87 -37.0
1310 74 -44.0
3515 320 1150.0
3380 236 1234.0
3125 241 139.0
2985 237 93.0
1570 100 -40.0
2795 186 1284.0
2135 161 29.0
1990 106 44.0
1530 93 -43.0
880 62 -242.0
2875 207 253.0
3120 218 82.0
1690 111 39.0
1160 68 -88.0
1080 65 -135.0
1200 66 -166.0
3660 287 363.0
1435 66 24.0
1855 114 6.0
1990 107 43.0
2000 132 -32.0
3615 261 129.0
1555 100 -130.0
1750 115 65.0
1315 90 -120.0
1105 56 24.0
3200 227 213.0
2110 168 222.0
2630 183 1287.0
2945 189 1281.0
2900 185 1285.0
2585 186 254.0
1965 135 -55.0
1725 103 157.0
2585 196 1274.0
4250 284 1186.0
1125 79 -119.0
1175 58 -118.0
2140 129 141.0
2795 195 1275.0
2200 122 208.0
3575 234 1436.0
770 37 -277.0
2965 194 636.0
3105 203 247.0
1120 67 -167.0
265 12 -412.0
700 31 -251.0
890 48 -228.0
3005 251 -91.0
3155 262 1208.0
2315 140 50.0
2620 190 80.0
3245 217 1253.0
1290 58 -38.0
1630 101 -21.0
1050 68 -148.0
2750 175 1295.0
2870 170 1500.0
1995 103 157.0
1130 65 -115.0
1330 78 -198.0
2720 181 1289.0
2910 208 112.0
2450 166 -6.0
2025 159 11.0
2795 182 1288.0
3215 196 1274.0
2350 139 231.0
1425 81 -151.0
3785 296 1174.0
4070 319 1151.0
3035 292 1178.0
3620 215 1255.0
2675 167 -37.0
1580 85 -15.0
1695 112 28.0
1800 112 -122.0
3380 257 1213.0
3260 238 1232.0
3195 257 123.0
3890 298 342.0
2125 120 120.0
2530 171 189.0
710 32 -272.0
3095 246 1224.0
280 13 -383.0
530 32 -302.0
1880 115 55.0
1740 111 179.0
2715 152 148.0
3420 242 178.0
350 19 -349.0
2495 173 1297.0
360 18 -338.0
3725 229 1241.0
3200 242 1428.0
775 40 -230.0
3515 237 1233.0
2880 235 185.0
3050 183 1487.0
2500 136 264.0
3085 265 195.0
740 36 -276.0
3080 232 1238.0
2045 104 116.0
2855 179 1291.0
1635 104 236.0
2520 172 218.0
395 19 -379.0
3215 226 1244.0
3095 210 230.0
2780 163 1307.0
2580 176 84.0
3260 213 1257.0
1485 105 -35.0
2295 130 200.0
4970 368 1102.0
4040 316 1154.0
3755 218 1452.0
3005 205 1265.0
3945 250 200.0
3880 246 184.0
3140 183 257.0
3110 222 1248.0
3980 288 1182.0
765 43 -213.0
2650 142 358.0
615 33 -293.0
3320 239 1231.0
1945 143 7.0
1275 73 147.0
3110 260 1210.0
2715 217 233.0
1435 68 -258.0
2360 136 204.0
1000 42 -172.0
1530 90 -130.0
2690 172 78.0
3125 245 1425.0
475 22 -302.0
380 21 -351.0
3140 261 1209.0
3000 177 83.0
3125 219 1451.0
2370 149 201.0
2975 196 1274.0
1540 113 -23.0
1655 96 4.0
1895 95 65.0
1325 77 -67.0
2860 184 276.0
3085 210 450.0
1190 73 -153.0
630 28 -318.0
2285 149 131.0
3375 198 252.0
1980 97 93.0
2720 182 1288.0
415 18 -388.0
1275 77 -117.0
135 9 -419.0
2205 151 -1.0
1820 126 -6.0
3380 280 1190.0
3120 227 223.0
2415 156 264.0
1685 79 -49.0
840 40 -180.0
890 45 -195.0
2345 143 137.0
3065 203 1267.0
2135 136 24.0
2310 164 126.0
3005 205 1265.0
2750 184 1286.0
565 34 -284.0
1610 87 -107.0
3150 244 176.0
2880 191 259.0
3065 220 -180.0
2525 143 1327.0
1605 93 17.0
2310 150 240.0
660 34 -294.0
1300 88 -148.0
3005 217 1253.0
2125 119 1.0
605 32 -332.0
2675 154 1316.0
2870 178 1292.0
1160 86 -106.0
700 38 -258.0
2590 177 223.0
3335 240 1230.0
2245 122 -2.0
2520 149 21.0
2375 165 245.0
715 53 -333.0
2885 162 1308.0
2105 198 192.0
3205 273 187.0
2375 133 207.0
1050 67 -147.0
3065 194 1276.0
2095 127 203.0
2055 138 92.0
1530 98 12.0
1075 53 -93.0
1515 109 -119.0
1815 121 19.0
2870 182 1288.0
1465 114 -144.0
1245 76 -56.0
3605 342 1128.0
2755 276 -36.0
1770 122 48.0
3065 216 1254.0
1785 112 -122.0
1295 103 -63.0
3485 274 1196.0
3580 246 184.0
3125 212 1258.0
3240 257 193.0
1590 96 84.0
3095 205 1265.0
1440 90 -10.0
2930 165 1305.0
2900 198 212.0
735 39 -239.0
2780 201 1469.0
3290 234 1236.0
3125 233 1237.0
1150 67 13.0
1070 46 -256.0
3835 475 -75.0
1315 75 -75.0
1705 125 25.0
3065 208 232.0
2975 201 1269.0
2120 150 210.0
4055 322 1148.0
400 19 -329.0
2540 174 -14.0
3650 274 1196.0
1740 110 -30.0
1575 130 -110.0
2810 216 1254.0
1540 98 22.0
3155 190 1280.0
1565 97 -27.0
2650 182 278.0
2945 211 1259.0
2865 174 66.0
1410 67 -177.0
3410 291 1379.0
1260 72 -142.0
760 36 -256.0
265 20 -360.0
3485 258 1212.0
4055 299 1171.0
3575 278 1192.0
2730 179 271.0
1565 113 -223.0
1060 54 -84.0
1990 122 28.0
1115 61 -91.0
2165 154 96.0
4045 294 166.0
440 25 -325.0
3110 195 1275.0
1235 76 104.0
590 29 -269.0
1955 126 -86.0
2795 163 1307.0
2780 172 208.0
2070 142 58.0
3715 290 170.0
1775 114 46.0
2990 265 1205.0
650 33 -303.0
2165 179 11.0
2810 162 268.0
860 39 -219.0
1350 77 -117.0
2280 168 -28.0
2930 187 1283.0
2095 142 -232.0
205 12 -412.0
2715 358 -218.0
1605 82 228.0
1995 135 5.0
1580 128 -208.0
3205 201 139.0
1895 119 41.0
2870 172 1698.0
2810 193 1277.0
2690 153 1317.0
2930 174 1296.0
1090 73 -193.0
1520 85 -45.0
2255 127 213.0
1695 114 -154.0
1375 96 -156.0
685 38 -258.0
1350 66 -206.0
1605 103 -113.0
3260 186 254.0
2265 131 359.0
1820 107 -7.0
3500 237 1233.0
2075 135 115.0
2910 251 139.0
435 22 -342.0
2855 176 1694.0
2735 169 1301.0
320 14 -374.0
1560 86 -66.0
1500 85 -5.0
2540 133 237.0
4615 358 102.0
1590 81 59.0
1490 111 -71.0
1950 101 139.0
1325 59 -59.0
2975 159 1311.0
485 30 -330.0
2450 179 241.0
1480 101 -131.0
365 18 -348.0
350 14 -374.0
2170 151 99.0
2805 184 46.0
1885 101 59.0
3745 268 72.0
1345 81 89.0
1055 58 -138.0
1460 83 127.0
2765 168 232.0
2615 207 193.0
1060 72 -132.0
3535 264 106.0
3560 295 85.0
2320 143 457.0
2250 139 61.0
1065 62 -112.0
2245 173 107.0
1175 57 -87.0
2890 190 200.0
3935 296 1174.0
1785 121 19.0
3340 175 125.0
2925 141 379.0
2780 186 1284.0
2145 133 167.0
1750 95 55.0
865 68 -218.0
880 42 -202.0
2725 179 421.0
3105 227 153.0
915 53 -153.0
1835 129 -149.0
2490 199 121.0
3080 223 1247.0
5135 722 -282.0
2780 159 1311.0
1500 98 -28.0
2390 140 20.0
2670 177 143.0
1410 76 -6.0
1535 101 -91.0
815 38 -218.0
2780 218 1252.0
4175 292 1178.0
4730 330 -290.0
3350 254 1216.0
3485 203 1267.0
2735 222 178.0
2875 165 255.0
610 32 -282.0
3575 220 1250.0
570 33 -293.0
3230 185 1485.0
2810 198 1472.0
635 31 -271.0
655 33 -253.0
125 12 -402.0
770 57 -227.0
3275 244 166.0
2195 141 169.0
4130 264 1206.0
2370 130 490.0
890 69 -299.0
360 20 -370.0
570 28 -288.0
2610 173 177.0
3290 226 1244.0
2855 222 1448.0
1280 70 -120.0
1885 83 57.0
1065 52 -162.0
2960 238 1232.0
2180 118 132.0
1875 118 22.0
2245 144 36.0
2705 181 429.0
2285 123 187.0
2860 172 258.0
1425 97 123.0
3035 218 1252.0
1760 111 49.0
1100 105 -155.0
3185 206 1264.0
1850 107 53.0
3515 220 1250.0
3515 237 1233.0
2525 178 -138.0
3575 210 1260.0
485 26 -326.0
590 23 -323.0
1850 91 69.0
1820 88 -28.0
1570 112 -82.0
2885 180 1290.0
1895 150 10.0
3155 180 1290.0
2160 113 147.0
830 59 -229.0
2250 129 -109.0
1580 100 -60.0
850 42 -262.0
1945 130 -70.0
2155 134 266.0
3170 234 1236.0
1850 113 197.0
3125 222 1248.0
1185 70 30.0
3590 269 1201.0
1410 99 -169.0
810 35 -265.0
3110 231 1239.0
2040 143 177.0
440 20 -380.0
3205 180 480.0
2770 172 288.0
3395 267 1203.0
4115 297 1173.0
1780 99 -9.0
1180 65 -75.0
1565 87 -87.0
2505 137 353.0
1685 80 10.0
2170 128 22.0
2945 171 1299.0
3105 224 426.0
715 31 -281.0
2260 177 193.0
2155 147 33.0
1905 120 -130.0
1335 71 -141.0
755 40 -250.0
3665 259 1211.0
2390 162 28.0
3140 193 1277.0
910 36 -196.0
2725 139 231.0
3050 192 1278.0
2060 134 26.0
2595 186 114.0
2135 172 -12.0
3210 202 -62.0
2155 149 91.0
1680 107 -27.0
1090 61 -121.0
595 30 -280.0
2040 125 75.0
1905 137 93.0
3815 260 1210.0
1945 118 62.0
3250 226 234.0
1320 81 -91.0
3345 213 147.0
2900 198 1272.0
1795 117 33.0
2750 198 1272.0
3200 200 1270.0
2190 193 -53.0
3035 187 1283.0
3125 201 1269.0
2910 195 215.0
2825 206 1264.0
1770 86 54.0
1260 69 -149.0
3080 189 1281.0
3905 270 1200.0
1015 91 -241.0
1115 62 -142.0
1655 111 19.0
2580 139 181.0
3245 233 1237.0
3260 190 210.0
2440 152 -2.0
1180 72 -112.0
3665 271 1199.0
2120 128 92.0
1490 93 -53.0
3365 327 1143.0
1510 100 -130.0
1670 116 -76.0
4325 487 983.0
1100 84 -194.0
2420 161 159.0
2710 188 -188.0
2955 198 192.0
2975 204 1266.0
1490 80 -70.0
1780 138 52.0
1165 72 -162.0
1810 123 -33.0
2090 145 105.0
2555 150 130.0
540 28 -258.0
1245 66 -136.0
2130 165 5.0
3635 272 1198.0
120 10 -420.0
3905 273 1197.0
1090 62 -162.0
3135 268 252.0
790 43 -263.0
4010 327 1143.0
775 31 -311.0
130 9 -439.0
1175 63 -153.0
295 20 -390.0
705 29 -289.0
1565 101 -61.0
2025 129 191.0
1570 89 1.0
3275 220 1250.0
4005 365 85.0
1215 65 -105.0
1440 88 22.0
3140 193 1277.0
1355 68 -28.0
2660 234 116.0
3800 221 1249.0
820 45 -205.0
1620 93 17.0
3770 235 1235.0
2885 199 1271.0
2885 198 1272.0
4565 372 38.0
3275 183 1287.0
2335 131 169.0
2835 194 396.0
1495 67 -17.0
2205 138 62.0
3440 221 1249.0
1325 63 -213.0
1470 106 -116.0
1360 95 -65.0
2300 156 164.0
2990 197 1473.0
1050 78 -268.0
3275 212 1258.0
1925 126 -26.0
1550 100 90.0
2630 173 237.0
545 24 -324.0
2430 143 277.0
1690 90 30.0
2720 213 197.0
1850 109 21.0
2930 196 1474.0
3545 250 1220.0
2025 182 18.0
2940 216 194.0
2375 154 1316.0
2755 176 264.0
2900 184 -24.0
620 27 -357.0
2730 199 251.0
2955 184 16.0
4070 367 1103.0
2810 197 1273.0
3085 197 223.0
915 79 -269.0
425 20 -320.0
2055 134 136.0
3935 248 1222.0
1430 85 15.0
1675 92 58.0
2295 96 34.0
1200 58 -138.0
435 18 -338.0
1690 129 11.0
3800 235 1435.0
2775 170 280.0
2370 176 274.0
750 40 -270.0
3875 221 1249.0
155 8 -428.0
2560 174 286.0
3930 273 1197.0
675 44 -334.0
3290 212 1258.0
2510 173 1297.0
1125 52 -252.0
1235 57 -147.0
750 35 -205.0
320 16 -406.0
2270 139 211.0
3275 221 1249.0
1510 97 -97.0
2880 180 270.0
2675 204 176.0
310 26 -366.0
1490 88 -78.0
1350 87 -37.0
620 42 -372.0
3515 240 1230.0
610 57 -297.0
2905 328 302.0
2825 171 1299.0
480 21 -401.0
660 31 -291.0
1980 91 179.0
315 17 -367.0
455 28 -358.0
505 29 -369.0
2590 143 127.0
3145 248 282.0
2625 151 269.0
1705 112 38.0
2255 169 91.0
2530 152 148.0
470 25 -325.0
3145 199 261.0
720 37 -297.0
2960 173 17.0
2825 175 265.0
2040 93 167.0
2200 142 258.0
2325 145 155.0
3995 339 1131.0
3200 199 1271.0
1770 98 -28.0
1945 141 169.0
675 30 -260.0
3125 251 1219.0
2845 163 77.0
2855 162 1308.0
235 13 -383.0
430 19 -329.0
1620 82 -32.0
470 28 -328.0
2735 158 152.0
190 13 -383.0
1815 157 -167.0
3365 280 1190.0
2625 130 40.0
1460 73 -133.0
1625 103 27.0
2210 135 -5.0
495 23 -343.0
3050 216 1254.0
2085 131 399.0
2795 176 1294.0
1615 98 -8.0
665 31 -271.0
4165 321 139.0
545 25 -295.0
2155 122 158.0
425 20 -350.0
2455 162 208.0
1445 99 -119.0
805 35 -195.0
2195 124 156.0
2010 132 38.0
860 46 -226.0
2385 168 92.0
3000 284 166.0
2810 200 1270.0
1990 118 62.0
250 13 -383.0
1335 64 -84.0
1590 98 -108.0
1545 101 -21.0
2305 126 234.0
1120 68 -128.0
3365 277 1193.0
2795 157 213.0
1340 70 -100.0
2450 155 1315.0
3875 267 1203.0
2840 202 1268.0
2840 197 1273.0
1500 89 -69.0
160 13 -413.0
1405 86 -156.0
2810 206 1264.0
3210 214 46.0
2935 278 52.0
915 40 -210.0
1555 78 -88.0
2055 163 -53.0
2295 131 219.0
1055 37 -187.0
2840 190 1280.0
2110 130 50.0
3545 268 142.0
260 12 -402.0
3455 347 53.0
2795 204 1266.0
1310 83 -43.0
2635 144 126.0
1500 117 -127.0
505 23 -363.0
3350 252 1218.0
2865 162 428.0
1510 82 -62.0
2720 179 1291.0
2810 186 1284.0
1860 116 114.0
1325 94 176.0
3545 261 1409.0
1585 90 -30.0
665 29 -269.0
3590 257 1213.0
3650 212 1258.0
2975 167 1303.0
500 42 -372.0
2945 208 1262.0
2975 193 1477.0
705 46 -246.0
2780 175 165.0
2070 127 3.0
3020 166 1304.0
2745 164 266.0
1455 107 -117.0
2620 150 250.0
1325 92 -82.0
1815 114 -4.0
3215 215 185.0
280 13 -383.0
3065 190 1280.0
2095 126 -66.0
3290 246 1224.0
4025 254 1216.0
3285 281 169.0
1495 81 9.0
1240 67 -157.0
2110 136 134.0
230 13 -403.0
1725 91 79.0
2975 214 1256.0
1670 108 52.0
3095 172 1298.0
1490 94 -54.0
3065 226 1244.0
1565 94 36.0
2420 167 143.0
2545 152 58.0
845 38 -188.0
2555 218 182.0
1350 70 -120.0
2915 207 1263.0
3395 223 1247.0
440 23 -323.0
3155 180 1290.0
1970 119 41.0
3005 190 0.0
570 30 -290.0
4315 350 80.0
2990 212 1258.0
1650 106 -146.0
4025 298 -258.0
1750 121 -91.0
1355 99 -59.0
3170 200 1270.0
1240 100 -160.0
545 23 -323.0
830 41 -221.0
1970 111 -131.0
445 32 -342.0
3020 189 1281.0
1910 112 28.0
2235 122 178.0
1215 75 -175.0
1525 140 -50.0
3215 208 1262.0
455 20 -350.0
1340 85 -105.0
4130 365 1105.0
950 43 -163.0
515 24 -324.0
3350 264 1406.0
900 43 -153.0
1470 81 -11.0
3105 212 438.0
3260 192 208.0
5120 327 -87.0
1295 61 -81.0
2945 209 1261.0
1320 85 -125.0
2690 304 -144.0
2295 165 135.0
2205 115 185.0
2240 135 155.0
2230 134 236.0
1735 114 96.0
2770 226 234.0
3290 205 1265.0
3325 211 249.0
3230 204 1266.0
1725 107 -87.0
4030 397 63.0
2765 160 1310.0
1925 122 128.0
1730 103 -63.0
2310 146 84.0
2295 132 68.0
2575 139 201.0
1135 70 -100.0
3155 191 149.0
3395 270 1200.0
3065 209 1261.0
3155 223 1247.0
2875 239 421.0
570 29 -289.0
1245 83 -93.0
2175 141 119.0
1185 103 -173.0
3125 212 368.0
3020 245 1225.0
2815 147 213.0
2425 143 167.0
3080 229 1241.0
1310 82 -132.0
1200 82 -122.0
2630 152 1318.0
1790 109 51.0
1310 89 -49.0
2115 131 99.0
1350 114 -124.0
3275 221 1249.0
2840 162 1308.0
2010 117 53.0
2160 127 143.0
2120 135 85.0
4925 328 1142.0
3590 227 1243.0
3185 245 5.0
4190 375 1095.0
2510 167 173.0
740 45 -375.0
2945 190 1280.0
2865 200 290.0
2815 170 290.0
3230 210 1260.0
2630 185 1485.0
1710 99 11.0
2975 200 1270.0
3365 270 1200.0
3995 237 1433.0
2140 118 102.0
1980 148 -38.0
2300 154 166.0
1975 104 46.0
3005 252 1218.0
1350 64 -14.0
675 42 -242.0
945 47 53.0
870 61 -281.0
3555 238 152.0
2645 217 1253.0
725 35 -215.0
2065 138 172.0
3515 293 1377.0
1775 90 150.0
2915 194 1476.0
2630 167 1303.0
995 51 -231.0
1760 109 -9.0
1785 130 180.0
2695 159 241.0
1360 75 -25.0
1410 97 -107.0
2220 150 30.0
1245 82 -272.0
1100 57 -117.0
2840 242 118.0
3080 209 1261.0
3245 292 48.0
2685 156 174.0
2165 159 -29.0
1490 89 -49.0
1135 51 -91.0
1295 93 -233.0
1850 92 128.0
2595 177 153.0
3125 185 1285.0
1145 72 -162.0
1805 97 63.0
330 20 -370.0
335 17 -377.0
3460 233 17.0
3365 201 1269.0
1510 82 8.0
860 38 -218.0
675 33 -263.0
2730 167 -17.0
3095 194 1276.0
1970 120 40.0
2480 153 1317.0
1250 88 -178.0
3005 190 1280.0
2870 170 1300.0
3050 195 1275.0
2975 215 1255.0
3185 181 1289.0
3320 193 1277.0
3440 198 1272.0
1900 118 62.0
3145 212 248.0
3425 230 1240.0
2635 170 170.0
2555 137 1333.0
2710 167 73.0
2370 163 187.0
1555 76 44.0
2265 199 1.0
2825 200 200.0
2060 141 139.0
2335 132 138.0
1040 78 12.0
3320 195 1275.0
2650 179 191.0
2840 207 1263.0
1455 102 -112.0
3140 203 1267.0
2855 165 1305.0
2540 194 -4.0
1175 59 -209.0
290 15 -405.0
2370 166 94.0
1400 64 -4.0
2885 175 1295.0
2930 193 247.0
2380 180 60.0
4865 335 1135.0
3130 217 213.0
2400 131 189.0
2810 227 213.0
3695 251 1419.0
1830 124 106.0
3695 279 1191.0
3920 274 1196.0
1790 91 89.0
2535 177 243.0
850 32 -252.0
3035 270 80.0
3335 223 1447.0
1580 98 -8.0
2975 176 1294.0
1915 117 363.0
2975 204 1266.0
2920 215 215.0
3020 206 1664.0
1660 112 18.0
615 45 -365.0
3080 258 1212.0
2795 214 1256.0
3605 224 1446.0
2610 168 422.0
2235 146 -66.0
1915 118 62.0
2125 116 64.0
2525 170 50.0
865 39 -259.0
3260 213 1257.0
380 23 -383.0
1025 51 -231.0
3065 217 183.0
5420 315 1155.0
2645 168 1302.0
2405 166 204.0
2775 204 216.0
1010 58 -208.0
1275 91 -101.0
2985 208 -38.0
2515 182 148.0
2735 163 1307.0
4340 254 146.0
2420 124 226.0
1335 79 -149.0
2835 204 216.0
905 43 -163.0
2635 181 449.0
720 38 -328.0
1225 82 -82.0
2575 184 -4.0
2660 173 1297.0
2325 139 151.0
2075 152 8.0
3740 237 1233.0
1825 140 -50.0
3040 191 239.0
2795 153 1317.0
1625 82 -22.0
1785 101 -21.0
1210 68 -128.0
3425 215 1255.0
1455 78 -98.0
880 46 -176.0
425 21 -321.0
485 29 -329.0
1365 89 -219.0
2165 122 -32.0
1560 88 -8.0
1850 107 13.0
3365 189 1481.0
565 25 -335.0
3350 208 1262.0
1495 76 -56.0
960 40 -180.0
3395 244 1226.0
930 44 -214.0
2810 160 240.0
3695 257 1213.0
1985 127 33.0
3005 232 1238.0
1660 118 32.0
3220 239 61.0
3035 199 1271.0
3430 261 139.0
510 25 -345.0
2540 154 1316.0
1855 108 -18.0
3185 227 1243.0
805 59 -239.0
255 13 -393.0
2255 151 129.0
3290 245 1225.0
1855 113 187.0
1665 86 -46.0
3020 213 1257.0
1835 81 39.0
2600 192 1278.0
840 55 -225.0
2765 185 1485.0
1410 65 15.0
2615 165 1305.0
1040 69 81.0
1900 98 -78.0
2890 202 98.0
2210 123 37.0
3670 330 100.0
3560 213 1257.0
1630 100 -40.0
1160 44 -224.0
2195 129 161.0
3220 188 272.0
2915 197 1273.0
1470 74 -94.0
2845 172 288.0
2845 161 469.0
3110 222 1248.0
2495 192 218.0
2540 160 250.0
1960 105 25.0
2690 180 1290.0
1455 87 -97.0
245 15 -375.0
2695 162 178.0
755 39 -189.0
2705 148 102.0
565 26 -336.0
1430 85 -45.0
3650 240 1230.0
2945 169 1301.0
1465 83 -113.0
3485 249 151.0
675 38 -298.0
685 30 -310.0
3050 188 1282.0
2325 130 -20.0
1100 55 -115.0
2705 178 42.0
1725 111 29.0
80 9 -429.0
2795 222 -62.0
770 27 -297.0
3050 184 1286.0
3245 266 1204.0
3215 224 1246.0
3770 234 1236.0
2160 149 -9.0
1630 121 -121.0
3155 199 411.0
985 51 -181.0
2590 188 272.0
3090 253 137.0
3035 190 1480.0
110 8 -428.0
795 64 -194.0
3110 205 1465.0
2990 170 1500.0
1340 62 -22.0
680 30 -270.0
1805 90 -50.0
1350 59 -199.0
3005 250 1220.0
2875 164 266.0
3530 244 1226.0
4980 353 -23.0
2825 175 1495.0
2870 220 1250.0
2360 137 583.0
1210 63 -33.0
1385 81 -131.0
3755 259 1411.0
1910 95 -55.0
405 23 -313.0
2425 196 204.0
3125 224 186.0
3180 277 113.0
2410 144 166.0
2395 124 156.0
1595 87 73.0
3125 184 1286.0
3170 190 1280.0
3080 186 1284.0
2910 212 148.0
845 44 -224.0
2945 241 1229.0
565 25 -305.0
920 55 -265.0
2250 129 201.0
510 25 -375.0
865 43 -263.0
3890 329 1141.0
670 38 -258.0
2075 135 25.0
3560 260 1210.0
3050 246 1224.0
3230 226 1244.0
3365 208 1262.0
1315 63 -133.0
2725 185 115.0
3845 336 1134.0
1065 85 -125.0
3185 189 1281.0
1045 60 -100.0
1850 110 -70.0
3005 195 1275.0
2280 130 100.0
1380 93 -133.0
2755 206 224.0
1600 86 94.0
3605 205 1265.0
3455 231 1239.0
1315 71 -71.0
2990 171 1299.0
2795 175 1295.0
3450 224 356.0
1740 117 -7.0
1695 140 150.0
3440 240 1230.0
2420 176 1294.0
2545 184 146.0
1760 113 17.0
2855 173 1297.0
1860 119 51.0
3035 204 1466.0
2905 194 346.0
3150 260 120.0
3395 235 1235.0
375 17 -367.0
2975 206 1264.0
2840 215 1255.0
280 16 -386.0
2840 213 1257.0
455 22 -322.0
505 27 -367.0
1515 88 -8.0
2040 154 -14.0
2425 151 309.0
1035 47 -127.0
1955 154 96.0
3305 238 1232.0
2410 207 253.0
2975 213 1257.0
1025 62 -202.0
970 60 -180.0
2750 169 121.0
300 13 -393.0
1385 81 -11.0
2780 170 1300.0
3170 253 1417.0
3305 246 1224.0
1945 119 -89.0
1150 49 -119.0
3155 238 162.0
1075 59 -129.0
1455 92 -42.0
4715 293 1177.0
1130 47 -287.0
1180 81 -141.0
2220 123 177.0
1680 97 -107.0
2175 115 -35.0
1455 116 -246.0
1085 81 -161.0
1860 130 -20.0
960 47 -187.0
3500 232 1238.0
590 24 -354.0
3065 210 1260.0
3055 221 239.0
3905 280 1390.0
4640 314 1156.0
715 43 -323.0
2225 146 -16.0
2735 177 -137.0
3035 191 1279.0
3275 236 194.0
545 24 -294.0
1220 69 -189.0
3970 294 136.0
300 22 -372.0
1405 76 -56.0
3695 255 1215.0
2310 155 175.0
2840 153 227.0
2420 150 230.0
2505 168 222.0
1285 94 -184.0
1820 113 17.0
2155 124 -4.0
1935 119 -39.0
2225 127 153.0
3770 252 1218.0
1695 110 0.0
1670 117 -137.0
1350 93 97.0
1910 97 -7.0
2995 229 161.0
1635 134 -54.0
3220 245 115.0
3305 210 1260.0
4475 269 1201.0
3055 266 124.0
945 102 -232.0
1005 43 -273.0
1855 117 33.0
1130 60 -140.0
3365 193 1277.0
2725 187 83.0
2070 120 20.0
2690 158 1312.0
1275 75 -55.0
2535 164 196.0
845 68 -238.0
575 32 -272.0
665 32 -302.0
2260 150 230.0
3130 243 127.0
255 14 -394.0
3900 257 33.0
3095 195 1275.0
1605 90 -40.0
2365 136 224.0
1440 97 13.0
215 12 -402.0
3800 266 54.0
2550 156 194.0
1515 74 -54.0
2530 163 267.0
1820 153 7.0
1560 75 25.0
1140 84 -214.0
1545 84 26.0
2780 136 -16.0
1325 114 -194.0
2210 165 205.0
2085 93 37.0
1820 111 -41.0
1425 77 -27.0
2470 151 389.0
2870 167 1303.0
1145 75 -125.0
2475 151 109.0
3215 227 1243.0
3275 255 1215.0
2485 142 98.0
2365 144 226.0
2670 178 52.0
1360 83 -113.0
760 33 -253.0
905 58 -178.0
2750 154 1316.0
3055 219 241.0
1695 99 -49.0
6485 597 -157.0
3030 205 -95.0
3110 179 1291.0
2670 178 182.0
4005 281 169.0
4120 332 28.0
1300 64 -74.0
4040 297 1173.0
2585 172 178.0
3260 244 1226.0
875 45 -195.0
3195 250 140.0
685 36 -256.0
2795 163 357.0
2710 175 35.0
2295 114 206.0
3005 182 1288.0
2060 131 -91.0
3515 253 1217.0
3320 226 1444.0
3160 196 14.0
655 32 -282.0
4315 512 -122.0
3365 247 1223.0
1855 98 -38.0
805 35 -225.0
2535 164 126.0
1180 59 -89.0
1075 68 -128.0
3995 300 1170.0
3560 220 1250.0
530 38 -278.0
1830 105 95.0
1325 81 -161.0
3095 247 1223.0
305 14 -374.0
1315 81 -81.0
2870 174 1296.0
2075 129 121.0
1500 98 -48.0
3110 228 1242.0
3770 286 1184.0
3795 224 126.0
825 61 -21.0
215 12 -402.0
3785 238 1432.0
2555 151 9.0
1335 81 109.0
2130 119 81.0
3410 196 1274.0
930 45 -185.0
3255 262 158.0
1420 78 -118.0
1040 84 -284.0
1115 48 -228.0
3430 222 -192.0
2430 127 63.0
1740 96 -16.0
2290 164 136.0
2975 197 1273.0
1925 106 84.0
2805 228 222.0
940 43 -203.0
1185 94 -194.0
2555 142 1328.0
3185 204 1266.0
1500 109 -89.0
2535 153 237.0
865 55 -125.0
1205 61 -181.0
2980 298 322.0
2885 203 1267.0
2795 208 1462.0
2705 157 93.0
1780 96 74.0
2855 214 196.0
2780 184 -24.0
845 42 -282.0
3200 206 1264.0
2810 204 1266.0
585 29 -289.0
1480 112 -172.0
1095 64 -144.0
595 28 -278.0
4030 279 181.0
520 25 -305.0
3575 255 1215.0
2320 123 87.0
1955 157 33.0
500 26 -296.0
1380 90 -130.0
3080 170 1300.0
3200 217 1453.0
2445 152 238.0
230 12 -402.0
2825 152 168.0
1865 133 297.0
1750 114 96.0
520 25 -305.0
3250 405 55.0
1440 84 -64.0
1205 90 -80.0
3480 231 189.0
975 51 -161.0
2330 134 86.0
1670 110 -100.0
1365 82 -62.0
2145 129 41.0
1685 89 -59.0
1240 81 -111.0
1270 73 -13.0
1470 76 -56.0
2675 123 37.0
1255 88 -58.0
4790 311 1159.0
1340 82 -222.0
1550 86 -46.0
1475 80 -170.0
1925 157 3.0
3365 230 1240.0
4295 240 1230.0
3485 246 1224.0
2695 240 220.0
3110 234 1236.0
2725 188 142.0
3035 194 1276.0
2475 199 101.0
3455 247 1223.0
1860 113 257.0
2270 151 369.0
4040 229 1241.0
1660 168 -18.0
1330 85 -115.0
1240 64 -44.0
600 33 -323.0
2575 162 178.0
1430 70 -30.0
1425 94 -194.0
2615 165 1305.0
3050 210 1260.0
2235 136 124.0
1740 91 69.0
770 47 -227.0
3425 209 1261.0
2600 171 209.0
750 38 -238.0
995 57 -177.0
3040 237 223.0
2780 193 1477.0
2585 156 1314.0
2855 148 1522.0
2480 149 1321.0
1055 90 -260.0
1260 88 -218.0
1600 80 150.0
3185 195 1275.0
685 36 -256.0
2945 183 1287.0
830 46 -226.0
2265 164 186.0
2635 173 107.0
1155 82 -132.0
1095 54 -164.0
2745 184 266.0
540 21 -341.0
1425 97 -47.0
1640 94 -114.0
3380 230 1240.0
930 44 -244.0
625 31 -281.0
1280 90 -170.0
2735 151 99.0
2150 144 -174.0
2525 148 1322.0
650 35 -275.0
2960 167 1303.0
2705 159 1311.0
2480 163 -3.0
2825 164 1306.0
3165 280 1190.0
970 43 -173.0
2315 123 37.0
2900 178 1292.0
3425 232 1238.0
1615 93 137.0
3755 250 1220.0
2720 199 1271.0
210 12 -392.0
3470 226 1244.0
2355 158 202.0
790 38 -198.0
3015 167 173.0
875 49 -259.0
2810 172 1298.0
405 20 -340.0
4075 308 -8.0
765 60 -220.0
2035 157 23.0
2720 172 428.0
1665 111 -121.0
625 31 -251.0
2970 207 -7.0
1710 79 -69.0
800 38 -188.0
3110 202 1268.0
3695 246 1224.0
3970 285 175.0
3050 224 1246.0
2505 151 229.0
685 32 -312.0
2160 115 235.0
215 12 -402.0
2145 156 14.0
1935 114 56.0
3805 264 156.0
440 25 -355.0
740 37 -277.0
2680 174 286.0
1540 82 -32.0
1480 105 -15.0
3170 209 1461.0
1205 92 -172.0
2720 172 1298.0
545 28 -298.0
3695 276 1194.0
3725 227 1243.0
2470 171 -41.0
2860 214 96.0
3020 196 1274.0
885 90 -220.0
2720 182 1288.0
1565 95 -115.0
1195 76 -136.0
3110 209 1461.0
1220 71 -121.0
1705 103 217.0
5660 354 -314.0
1700 88 72.0
1230 56 -196.0
2430 196 254.0
2825 184 256.0
3130 170 130.0
3305 245 1225.0
515 26 -296.0
3455 227 1443.0
2025 129 -49.0
2915 196 1274.0
1375 83 -53.0
3355 206 454.0
1795 100 80.0
1315 81 -81.0
1330 72 -42.0
2615 175 195.0
515 24 -294.0
1065 77 -87.0
1205 49 -169.0
570 26 -346.0
3145 246 154.0
3050 206 1264.0
2815 189 271.0
3050 189 1281.0
3470 224 1446.0
405 21 -311.0
2920 207 193.0
3460 222 238.0
2130 144 126.0
2680 221 209.0
540 27 -287.0
460 22 -302.0
795 42 -272.0
2810 179 161.0
2045 124 66.0
555 28 -288.0
3350 281 1189.0
2750 148 222.0
2545 162 -252.0
2975 231 1439.0
2510 115 75.0
2790 135 155.0
1825 124 -64.0
1710 130 340.0
2720 176 264.0
2045 131 129.0
2055 122 -102.0
2155 115 -55.0
2375 136 114.0
3215 188 1282.0
2510 150 290.0
2625 160 -140.0
605 27 -297.0
2225 134 116.0
2825 205 1265.0
2885 182 198.0
2885 187 1483.0
3035 229 1241.0
2820 206 214.0
1800 92 -42.0
1660 108 12.0
2280 162 68.0
4250 334 1136.0
1730 112 48.0
2965 227 233.0
2340 187 203.0
2365 147 163.0
1495 83 -23.0
2835 185 145.0
1310 79 -99.0
2370 136 -26.0
2720 148 1322.0
435 22 -342.0
555 28 -318.0
2350 161 199.0
3175 213 247.0
3290 206 1464.0
985 72 -192.0
2855 213 1257.0
2750 177 1493.0
2865 142 248.0
1110 63 -103.0
2900 183 1287.0
1940 116 94.0
830 37 -187.0
160 11 -411.0
1465 84 -34.0
2355 145 145.0
3695 259 1211.0
2055 160 10.0
1870 112 8.0
565 27 -367.0
2690 174 1296.0
1910 112 -12.0
665 29 -269.0
1730 114 -14.0
3350 228 1242.0
820 75 -255.0
2945 214 1456.0
1680 89 111.0
1655 125 -55.0
1795 175 5.0
3005 208 1262.0
1240 76 -136.0
2335 132 258.0
2320 153 27.0
2155 142 38.0
1640 109 51.0
1825 114 36.0
585 24 -284.0
1760 140 20.0
2040 116 214.0
3215 225 385.0
1285 78 -198.0
1410 82 -72.0
1545 89 -49.0
1125 49 -189.0
890 40 -190.0
2890 186 154.0
3030 167 153.0
1835 130 30.0
1815 133 7.0
1110 73 -83.0
3260 198 1272.0
350 23 -383.0
2225 140 180.0
515 24 -294.0
1320 80 -90.0
1275 88 -68.0
1555 83 27.0
2690 164 1306.0
3020 204 1466.0
1715 107 -67.0
1990 103 -143.0
1005 59 -139.0
1450 83 7.0
1680 127 -137.0
1990 102 168.0
3290 216 1454.0
1675 106 64.0
1850 92 128.0
3110 181 1289.0
4055 305 1165.0
2110 126 184.0
1405 76 -266.0
3545 260 1210.0
2210 140 140.0
425 28 -298.0
3260 224 1446.0
2445 134 126.0
2885 183 1287.0
3305 197 1273.0
3055 183 247.0
2485 184 156.0
1790 159 -119.0
2000 107 163.0
2855 162 238.0
2785 167 163.0
4380 328 122.0
2615 168 1302.0
3170 218 1252.0
2235 189 -19.0
1360 88 -178.0
2945 209 1261.0
3230 225 1445.0
1760 85 135.0
2795 164 1306.0
1010 66 -206.0
3665 228 1242.0
1675 67 -47.0
1240 86 -56.0
1490 95 -25.0
1435 110 -50.0
530 24 -294.0
1715 90 -20.0
1410 102 -22.0
1445 100 -60.0
530 24 -294.0
2805 208 182.0
2925 192 228.0
3830 253 1417.0
1205 91 -171.0
1350 77 -117.0
1580 92 -202.0
2900 199 1271.0
3725 264 1206.0
1330 84 -54.0
2020 109 161.0
1245 67 -77.0
3005 186 1284.0
1055 71 -181.0
2600 169 271.0
2990 199 1271.0
1120 71 -221.0
3815 278 1192.0
3350 224 1246.0
4025 330 1140.0
2585 161 1309.0
1880 125 5.0
3350 252 1218.0
2845 184 256.0
2975 204 1466.0
1110 62 -132.0
555 24 -284.0
3810 302 148.0
2720 152 1318.0
3335 239 1231.0
1295 72 -32.0
2315 148 102.0
2305 143 37.0
2235 137 123.0
1350 79 -119.0
2555 149 1321.0
1450 77 -77.0
3425 281 1189.0
2345 160 -120.0
1615 124 -24.0
2465 138 22.0
1195 85 -175.0
3350 233 1437.0
645 28 -258.0
3530 227 1243.0
3215 207 1663.0
3050 223 1247.0
2735 191 209.0
1300 71 -41.0
2495 175 235.0
1100 69 -209.0
2700 207 153.0
2600 166 114.0
1655 95 5.0
2345 130 210.0
1640 99 -119.0
2710 171 289.0
1300 73 -73.0
515 24 -294.0
1920 125 -45.0
2890 180 280.0
2825 169 1301.0
2150 128 92.0
3290 198 1472.0
2765 201 1269.0
625 30 -280.0
1335 72 -82.0
2200 128 162.0
1665 98 -48.0
2585 181 1289.0
3105 243 177.0
1855 108 332.0
2200 141 99.0
2675 183 1487.0
2915 225 1445.0
1690 92 -32.0
2765 171 1299.0
3050 256 1214.0
2055 119 141.0
2480 160 0.0
2555 157 1513.0
1750 93 27.0
790 36 -286.0
1370 85 -75.0
3035 189 1281.0
1150 76 -166.0
3560 239 1231.0
2895 203 217.0
860 39 -189.0
985 65 -155.0
2120 131 119.0
2205 163 197.0
1740 115 -5.0
1960 130 50.0
2825 177 1293.0
3100 180 130.0
3215 298 1172.0
3095 202 1268.0
3260 219 1251.0
1530 79 -29.0
5445 430 20.0
520 28 -338.0
3110 205 1265.0
485 23 -323.0
1880 143 17.0
3290 225 1245.0
2365 140 190.0
1270 80 -50.0
3515 287 1183.0
1380 97 -107.0
1300 72 -102.0
2695 237 223.0
3530 229 1241.0
3605 236 1234.0
2870 186 1284.0
3350 237 1233.0
950 61 -201.0
3080 223 1247.0
1585 90 30.0
2260 168 72.0
1115 62 -112.0
1630 92 -62.0
3455 225 115.0
2730 142 118.0
2810 190 1280.0
1725 101 -21.0
2555 181 1289.0
1445 66 4.0
1780 95 25.0
270 14 -394.0
3530 255 145.0
2975 237 1233.0
3230 244 1226.0
2900 226 1244.0
2765 202 1268.0
2310 134 166.0
2900 186 334.0
2595 174 176.0
3230 219 1251.0
2975 207 1263.0
2965 200 260.0
1555 81 -51.0
2340 134 396.0
4100 252 1218.0
3965 237 73.0
1310 76 -126.0
3690 256 194.0
425 20 -380.0
2515 188 242.0
2510 157 1313.0
3440 226 1244.0
2615 197 1273.0
585 37 -267.0
2690 154 1316.0
3305 211 1459.0
2480 152 1318.0
1755 109 121.0
2630 187 1283.0
695 38 -308.0
1355 71 -31.0
3195 273 147.0
2335 154 176.0
2530 172 428.0
3125 217 1253.0
2040 127 -107.0
3305 194 1276.0
3215 191 1479.0
3065 225 1245.0
2960 180 1290.0
1590 87 -97.0
2370 157 203.0
1640 115 -75.0
1960 125 25.0
2165 131 189.0
3695 287 1183.0
2010 159 331.0
1895 104 256.0
1745 116 -16.0
1750 97 83.0
2040 93 17.0
2050 142 108.0
2830 199 141.0
1130 80 -190.0
2085 146 114.0
2650 230 230.0
2915 176 1294.0
820 39 -289.0
2960 197 153.0
3205 217 413.0
2780 188 1282.0
2410 138 12.0
675 35 -265.0
3215 188 1282.0
1565 85 -15.0
2585 172 1298.0
2900 196 1274.0
1935 141 169.0
2405 148 202.0
3395 247 1223.0
705 29 -289.0
2795 245 5.0
2750 197 1473.0
4115 270 1400.0
2885 195 1275.0
2510 166 174.0
950 73 -213.0
2785 185 475.0
3560 214 1256.0
2795 205 1265.0
1970 128 -58.0
345 20 -370.0
1630 76 14.0
2370 140 250.0
1670 99 91.0
1730 109 21.0
3590 241 1229.0
960 69 -169.0
4175 300 1170.0
2975 201 1269.0
2910 215 175.0
1240 90 -150.0
2820 184 266.0
3215 222 188.0
1625 94 -44.0
315 14 -394.0
2525 167 273.0
4410 330 120.0
2765 179 261.0
915 60 -220.0
3280 282 148.0
3065 227 1243.0
2665 153 187.0
3105 175 245.0
1505 74 26.0
2790 146 504.0
4475 294 -254.0
2630 156 1314.0
2145 111 -71.0
1925 97 93.0
1450 84 -84.0
2235 141 239.0
1615 102 -72.0
1510 81 9.0
1790 119 41.0
1235 90 -140.0
3735 276 74.0
2600 207 233.0
3290 196 244.0
790 34 -224.0
3350 204 1266.0
2795 201 1269.0
2440 139 101.0
1490 85 -45.0
3065 207 233.0
1780 109 11.0
2960 211 1259.0
3245 235 1435.0
210 12 -392.0
2540 158 1312.0
495 25 -315.0
2550 174 246.0
2825 200 1270.0
2280 115 175.0
2675 171 1499.0
2765 163 187.0
1705 113 7.0
2790 179 271.0
1855 117 93.0
2520 170 250.0
3680 249 1421.0
3155 211 1259.0
1510 102 -132.0
2765 154 196.0
3305 273 1397.0
2960 183 1287.0
2535 169 281.0
1605 112 -92.0
2645 182 1488.0
1480 107 -107.0
2300 153 127.0
2445 145 275.0
2095 151 269.0
1505 93 -113.0
2600 158 1312.0
2585 173 1297.0
4085 246 1224.0
1345 99 -159.0
2855 188 1482.0
600 32 -322.0
3065 235 1235.0
3185 239 1231.0
3170 216 1254.0
2960 205 1265.0
3140 180 1290.0
3215 218 182.0
1395 77 -67.0
3080 219 1251.0
3140 209 1261.0
1300 69 -79.0
3215 177 1293.0
2315 122 358.0
1335 83 -93.0
2435 183 1287.0
1470 88 222.0
3035 195 1275.0
3545 252 1218.0
920 37 -187.0
1165 61 109.0
1245 66 -106.0
2840 144 256.0
3260 210 130.0
2715 157 173.0
3200 211 1259.0
3055 175 245.0
1895 111 49.0
3005 202 1268.0
1040 65 -205.0
1775 123 37.0
1055 45 -135.0
2610 184 406.0
1990 103 17.0
1930 136 -76.0
655 30 -310.0
475 18 -358.0
2840 161 1309.0
2660 228 172.0
3345 196 454.0
3015 198 222.0
2030 106 54.0
2930 179 1491.0
1865 91 99.0
2980 193 307.0
3050 184 1286.0
2930 188 1282.0
1790 100 60.0
3425 234 1436.0
795 45 -215.0
1260 89 -129.0
3315 230 20.0
1535 102 28.0
1160 74 -154.0
1025 47 -137.0
4150 263 197.0
860 44 -164.0
2540 173 1297.0
1915 114 -24.0
910 47 -207.0
1655 78 -48.0
2425 137 193.0
1630 114 -84.0
3090 199 251.0
2720 189 411.0
3220 224 236.0
580 32 -252.0
2810 185 255.0
3020 217 1253.0
1585 85 -25.0
2165 142 -132.0
1500 71 -61.0
1460 102 -92.0
2690 177 43.0
1575 91 -101.0
300 19 -369.0
735 40 -240.0
2295 151 139.0
2885 173 1297.0
2310 205 -65.0
3035 179 1291.0
3380 252 1218.0
3065 245 1225.0
1295 63 -183.0
3125 224 1246.0
2255 157 63.0
1915 92 -72.0
3290 219 1251.0
1530 92 -72.0
3230 196 1474.0
2100 143 27.0
3235 175 165.0
1415 68 2.0
3000 213 87.0
1935 117 113.0
2975 186 1484.0
1020 57 -187.0
2775 216 634.0
1445 91 -51.0
3275 287 1183.0
1990 125 85.0
2825 204 146.0
665 27 -267.0
2675 125 115.0
3140 182 1288.0
3890 229 1241.0
1420 74 46.0
3675 304 -4.0
2400 147 93.0
1780 103 87.0
3050 191 249.0
2670 210 210.0
2150 164 26.0
1395 79 -29.0
3145 231 139.0
1880 113 47.0
2750 171 1299.0
2025 126 74.0
1180 91 -181.0
915 47 -187.0
900 51 -191.0
765 46 -216.0
1615 106 44.0
2540 211 129.0
2780 175 165.0
2350 115 125.0
810 42 -242.0
190 11 -411.0
2855 170 1300.0
2855 185 1285.0
1475 103 77.0
1865 126 34.0
2390 176 164.0
280 13 -383.0
3040 209 221.0
290 14 -374.0
1165 83 -233.0
1210 66 -156.0
1795 154 166.0
2885 176 1294.0
3395 244 1226.0
1325 111 -101.0
1850 101 -1.0
3000 199 221.0
1105 102 -102.0
1925 120 40.0
1590 99 91.0
110 8 -428.0
2585 204 1266.0
1410 87 -67.0
2780 171 1299.0
2025 147 113.0
1375 79 -49.0
1325 82 -12.0
2975 168 1302.0
1545 94 -44.0
3215 235 1235.0
3215 202 238.0
3080 213 1457.0
1915 140 250.0
2755 200 460.0
3665 279 1191.0
2825 238 1232.0
2915 175 1295.0
2495 149 261.0
2770 161 169.0
1895 116 44.0
2160 165 35.0
2120 114 -84.0
2700 195 165.0
825 39 -209.0
4910 306 -266.0
665 38 -278.0
3140 174 1296.0
1155 76 -146.0
840 37 -207.0
2900 180 1290.0
3230 245 1225.0
2170 159 91.0
2375 165 85.0
2915 175 1295.0
3320 242 1228.0
2750 210 1260.0
2555 152 8.0
3165 190 -170.0
2275 131 79.0
1635 80 -60.0
1480 88 -158.0
1665 107 3.0
2630 174 1296.0
1215 72 -142.0
860 38 -188.0
680 31 -301.0
2015 111 -101.0
1260 85 -185.0
455 25 -325.0
2825 284 1186.0
2750 178 172.0
340 17 -357.0
870 35 -295.0
2885 160 1310.0
1850 169 -9.0
1610 111 -71.0
1185 62 -132.0
1215 89 -99.0
3110 200 1270.0
3215 179 1291.0
2725 219 441.0
3230 227 1243.0
2990 239 1231.0
1120 73 -143.0
2120 132 58.0
410 25 -325.0
625 37 -257.0
1845 97 -47.0
2900 177 1293.0
1635 110 -90.0
2750 187 1283.0
215 12 -402.0
2935 262 38.0
3050 207 1263.0
2420 144 1326.0
855 38 -268.0
1635 102 88.0
1120 68 -168.0
2810 176 1294.0
1360 75 -15.0
1440 62 38.0
945 47 -217.0
3125 212 1258.0
2990 191 249.0
1695 85 85.0
555 28 -288.0
1825 139 1.0
2855 252 1218.0
2675 182 198.0
1385 61 -181.0
1170 78 -218.0
3110 215 1255.0
1230 70 120.0
2010 115 -35.0
2975 240 1230.0
2090 139 21.0
1600 106 14.0
2540 152 248.0
2945 215 1255.0
590 36 -336.0
2360 144 226.0
515 24 -324.0
4205 272 -82.0
790 36 -226.0
870 38 -268.0
1500 119 101.0
3005 212 1458.0
1750 104 -44.0
1715 117 -137.0
2610 246 -46.0
2765 180 1290.0
2795 171 1299.0
200 12 -402.0
485 21 -351.0
2885 174 46.0
3680 221 1449.0
2180 134 156.0
1805 132 28.0
1770 99 41.0
2180 135 55.0
3200 223 1247.0
2720 177 13.0
2825 203 1267.0
735 37 -267.0
3470 257 1213.0
630 27 -257.0
1625 79 11.0
865 38 -228.0
3315 185 1285.0
2405 155 185.0
1300 65 -105.0
630 33 -263.0
2060 136 24.0
1785 107 3.0
3095 217 183.0
3380 261 1409.0
1375 73 -133.0
3485 250 1220.0
2280 152 18.0
610 31 -341.0
3490 223 237.0
2840 186 54.0
1760 102 58.0
975 44 -214.0
1655 110 -70.0
2300 116 -16.0
1775 89 151.0
3145 210 190.0
2885 151 1319.0
2635 189 121.0
635 27 -327.0
2005 118 32.0
660 36 -266.0
1305 67 -167.0
3110 208 1262.0
1590 97 -47.0
1790 111 49.0
1130 64 -204.0
1430 76 74.0
3275 228 1442.0
3725 324 1146.0
3100 189 271.0
2955 194 196.0
2735 170 1300.0
3050 247 1223.0
4070 310 1160.0
2165 114 136.0
2740 261 199.0
1940 121 9.0
745 28 -248.0
3485 261 1209.0
3380 217 1253.0
1850 105 115.0
475 23 -363.0
1565 110 -30.0
1720 106 74.0
4070 316 1154.0
855 38 -238.0
1765 86 -6.0
3335 202 108.0
2825 178 1292.0
4325 370 1100.0
1590 80 50.0
1680 94 -14.0
1415 93 -23.0
995 67 -147.0
3200 214 1256.0
1455 91 -101.0
2915 239 1231.0
2425 172 428.0
895 44 -204.0
730 34 -224.0
3380 215 1255.0
1820 116 14.0
2600 151 1319.0
1175 61 -141.0
1325 82 -72.0
3035 196 1274.0
3245 184 1286.0
1975 112 38.0
2390 177 173.0
3055 206 254.0
3245 236 1434.0
2975 205 1265.0
1045 69 -199.0
2285 177 13.0
2125 172 328.0
1565 99 -29.0
2930 167 1303.0
1245 57 -67.0
2135 131 179.0
2900 210 230.0
290 15 -405.0
490 23 -333.0
2805 176 154.0
560 23 -353.0
1490 108 72.0
2595 138 182.0
1555 93 27.0
2130 134 126.0
2615 156 254.0
2655 167 253.0
1830 119 -189.0
2335 144 186.0
2795 186 1284.0
2990 187 1283.0
725 39 -189.0
3080 198 1472.0
455 25 -325.0
3585 206 244.0
2855 166 1304.0
2890 210 180.0
2185 166 74.0
1770 103 -83.0
2435 172 228.0
3630 227 223.0
1295 65 -25.0
2960 183 1287.0
2045 116 44.0
1255 64 -74.0
2750 178 1292.0
2850 241 379.0
2005 113 -3.0
540 24 -344.0
3980 269 1201.0
2440 166 234.0
1805 116 -76.0
1000 46 -116.0
825 39 -209.0
3545 261 1209.0
1940 129 31.0
2005 113 97.0
3320 243 1627.0
1250 91 -81.0
2740 150 240.0
1030 38 -228.0
3260 210 1460.0
2960 179 1291.0
3770 268 1202.0
3110 173 1297.0
3545 224 1246.0
1130 63 -243.0
3320 234 1236.0
2735 158 1312.0
3245 252 1218.0
3155 200 1270.0
3485 255 1215.0
940 56 -246.0
2060 156 94.0
2435 160 150.0
2915 187 3.0
2930 187 1283.0
2580 157 153.0
4005 256 1214.0
305 19 -349.0
1275 78 -118.0
2910 174 376.0
1870 114 126.0
3455 198 1272.0
3990 279 171.0
1280 77 -127.0
2380 174 96.0
595 32 -312.0
3065 219 1251.0
3185 216 1254.0
3680 254 1216.0
1490 101 -31.0
2870 172 1298.0
450 22 -342.0
490 24 -304.0
2790 218 232.0
3335 311 29.0
2985 160 490.0
1050 65 -205.0
195 11 -421.0
2060 107 -67.0
200 12 -402.0
1430 87 153.0
2260 142 8.0
3065 192 1278.0
3380 256 1214.0
385 19 -329.0
455 28 -328.0
2835 191 259.0
2425 119 271.0
2450 130 60.0
2750 205 1465.0
2730 174 206.0
3725 259 1211.0
1865 105 105.0
2445 127 103.0
3070 189 271.0
845 38 -218.0
2700 157 43.0
2090 112 48.0
2210 145 -15.0
2990 171 1299.0
3380 236 1234.0
1300 65 -35.0
3245 240 1230.0
2930 184 1286.0
2450 146 164.0
3875 281 1189.0
2660 180 1290.0
3050 170 1300.0
2990 163 207.0
2180 143 147.0
1505 85 15.0
535 25 -305.0
3335 275 1195.0
890 46 -286.0
1755 99 11.0
2960 176 1494.0
2385 172 88.0
545 27 -297.0
1265 94 -114.0
945 46 -186.0
2355 137 63.0
2765 158 1512.0
1740 113 -93.0
2670 166 -26.0
2810 167 1303.0
3255 204 246.0
1490 87 13.0
2280 146 84.0
3410 194 1276.0
1195 90 -120.0
2975 191 1279.0
1275 72 -112.0
3645 274 376.0
520 25 -305.0
3500 255 1415.0
1295 66 -116.0
1010 50 -200.0
3275 201 1469.0
2765 195 1275.0
1500 77 -87.0
3200 207 1263.0
615 32 -322.0
3905 235 1235.0
2930 243 237.0
2745 128 192.0
3465 232 188.0
1895 124 36.0
2120 142 188.0
3155 185 1285.0
2450 155 165.0
2890 165 265.0
2785 247 213.0
1225 80 -110.0
1500 84 -124.0
3455 227 1243.0
380 27 -297.0
2310 121 -171.0
1745 87 -47.0
2675 199 1271.0
660 39 -269.0
3860 300 1170.0
2960 183 1287.0
1765 95 25.0
2540 162 -152.0
2225 115 135.0
1355 72 -62.0
2335 149 121.0
1620 119 -39.0
430 21 -331.0
2090 119 101.0
2780 181 1289.0
1055 48 -138.0
1290 74 6.0
1655 123 -83.0
2795 184 1486.0
3695 240 1430.0
1405 88 -58.0
2780 166 244.0
2380 130 200.0
920 58 -168.0
3800 201 1269.0
3240 274 176.0
3150 214 146.0
1430 66 -26.0
280 16 -386.0
3245 281 1389.0
2675 180 1290.0
2185 130 -40.0
2135 128 2.0
2885 232 1238.0
2150 136 124.0
1725 106 -116.0
1195 53 -273.0
365 23 -353.0
3440 237 1233.0
2555 144 296.0
890 43 -193.0
2685 207 183.0
1010 40 -310.0
2070 111 329.0
1185 56 -76.0
3185 176 1294.0
2570 208 192.0
1505 92 -82.0
370 30 -310.0
1750 96 54.0
1785 115 95.0
4390 266 74.0
2155 144 196.0
2665 143 357.0
1790 104 86.0
1660 124 26.0
2780 206 234.0
2540 139 1331.0
3380 210 1260.0
2700 159 191.0
1510 104 -74.0
2380 178 152.0
2910 234 146.0
3215 237 1233.0
3530 199 1271.0
1080 63 -193.0
2360 139 -99.0
1800 119 51.0
2855 199 1271.0
1905 129 -109.0
2495 150 1320.0
1550 99 -29.0
1180 79 -109.0
1015 54 -214.0
2510 157 103.0
2175 124 136.0
1070 79 -129.0
1900 111 -21.0
365 24 -324.0
3230 207 1263.0
3680 261 -221.0
2990 197 1273.0
2780 193 1277.0
680 42 -342.0
2375 124 216.0
2760 147 -7.0
3465 256 124.0
3065 245 1225.0
3080 282 1188.0
2830 180 280.0
2900 169 1301.0
2080 104 166.0
1510 90 -30.0
3020 208 1262.0
3315 198 222.0
1465 81 -21.0
1485 101 -81.0
3260 217 1253.0
3110 258 1212.0
1340 98 -88.0
1835 117 13.0
3410 239 1231.0
735 38 -238.0
2415 142 178.0
340 16 -386.0
2645 193 1277.0
3800 237 1233.0
1650 100 70.0
1875 105 35.0
4150 241 219.0
1790 99 -89.0
2930 171 1299.0
3350 231 609.0
3920 255 1215.0
3065 244 396.0
635 31 -271.0
1515 95 155.0
1000 38 -228.0
395 24 -354.0
6190 388 -48.0
2195 149 101.0
1905 119 121.0
2255 114 126.0
2585 159 191.0
970 53 -213.0
1730 93 37.0
1250 81 -251.0
1980 98 12.0
875 36 -276.0
3365 283 1187.0
110 8 -428.0
3560 267 1203.0
3020 166 1304.0
2310 166 -336.0
1985 142 18.0
3670 228 172.0
2540 151 1319.0
2080 125 -35.0
1735 107 23.0
3240 260 190.0
990 55 -195.0
1340 58 -88.0
930 41 -211.0
440 17 -377.0
2065 147 -87.0
520 23 -303.0
1440 58 -78.0
1635 112 -122.0
1730 81 -11.0
2630 183 1287.0
1985 130 30.0
3070 195 465.0
2825 199 1271.0
1705 94 -94.0
3785 236 1234.0
2160 116 154.0
420 22 -342.0
3245 205 1265.0
3260 190 1280.0
1685 104 86.0
1195 59 -59.0
2360 112 278.0
3260 207 1263.0
3385 227 173.0
3875 301 1169.0
2825 200 1270.0
3290 197 1273.0
1255 74 -104.0
2585 221 159.0
3365 218 1252.0
3670 215 215.0
2700 233 187.0
3170 208 1462.0
3365 217 1253.0
3160 227 343.0
1640 103 -63.0
3500 241 1229.0
2180 138 -38.0
2490 176 124.0
810 54 -244.0
1520 85 25.0
3530 241 1229.0
1875 113 -63.0
2470 152 178.0
1660 103 87.0
415 23 -363.0
1345 78 -78.0
1230 64 -104.0
1690 125 -185.0
3015 176 174.0
3395 229 1441.0
2735 232 1438.0
1265 71 -181.0
2960 203 1267.0
2045 123 227.0
2675 181 1289.0
3575 210 1260.0
3705 345 45.0
2230 136 104.0
3275 232 1238.0
110 8 -428.0
2070 111 -181.0
1570 90 -90.0
945 56 -216.0
610 32 -282.0
2975 226 174.0
3215 241 1429.0
1220 61 -51.0
2350 131 569.0
1660 113 87.0
2670 187 193.0
2840 202 1668.0
3415 209 151.0
490 23 -333.0
2270 165 -5.0
1110 83 -213.0
3880 261 39.0
1360 70 -50.0
3620 304 46.0
1690 96 84.0
1140 72 -112.0
2450 161 209.0
2435 210 40.0
2060 120 190.0
2765 173 1297.0
4055 329 101.0
2600 131 59.0
3260 239 1231.0
2885 235 1235.0
3065 199 1271.0
2930 190 1280.0
1010 78 -188.0
3005 212 1258.0
2520 184 76.0
3125 193 1277.0
1515 97 43.0
475 22 -302.0
395 19 -349.0
2225 115 175.0
3125 263 1207.0
1880 100 60.0
2215 112 168.0
1285 56 -66.0
1045 43 -233.0
1965 190 -150.0
3290 245 1225.0
2310 173 87.0
2795 177 1293.0
305 14 -374.0
3160 235 225.0
3270 187 263.0
830 39 -219.0
2710 187 -127.0
2690 174 1296.0
735 43 -33.0
3380 204 1266.0
3095 256 1214.0
4190 307 1163.0
3515 293 1377.0
1790 118 72.0
875 41 -191.0
3125 185 1285.0
2720 165 1305.0
780 61 -221.0
2105 126 84.0
3035 171 1299.0
1715 101 59.0
5495 367 1103.0
1625 94 -4.0
4145 389 1081.0
620 39 -249.0
2170 143 67.0
1600 106 -176.0
1990 148 -28.0
3320 198 1272.0
3605 250 1220.0
900 40 -210.0
670 31 -341.0
1080 54 -164.0
3260 237 1233.0
2215 144 96.0
1680 94 156.0
3995 354 86.0
1570 113 -173.0
2010 115 175.0
1640 86 14.0
2155 111 339.0
340 20 -360.0
1670 122 -22.0
3190 185 55.0
710 33 -273.0
1325 87 -77.0
2800 183 117.0
2750 165 1305.0
2545 155 275.0
2615 156 1314.0
2250 157 173.0
3230 258 1212.0
2150 185 65.0
2220 163 -23.0
1070 64 -174.0
855 37 -207.0
1735 112 98.0
2660 147 1323.0
2550 168 252.0
2420 212 128.0
3170 334 76.0
2900 211 1459.0
1540 94 -4.0
3545 259 1211.0
1390 90 -60.0
525 21 -341.0
3140 191 1279.0
4385 289 1381.0
2855 166 214.0
2780 162 1308.0
1455 80 0.0
2665 163 227.0
1915 132 -12.0
1495 124 -94.0
705 30 -290.0
1925 133 257.0
1345 83 -53.0
1195 81 -141.0
2375 151 229.0
2860 254 206.0
1655 145 -15.0
1950 118 112.0
3180 276 104.0
3510 240 210.0
160 14 -414.0
2110 135 175.0
3110 214 1656.0
2265 139 251.0
3710 254 156.0
3380 211 1259.0
2560 157 143.0
3445 250 210.0
560 33 -273.0
2445 166 424.0
665 47 -287.0
1530 111 -61.0
2435 173 167.0
3245 228 1242.0
2045 135 25.0
3500 267 1203.0
395 24 -384.0
1975 104 16.0
500 27 -327.0
2290 136 174.0
1530 83 -123.0
4595 344 1326.0
4670 348 1322.0
1495 76 -116.0
2365 159 141.0
3980 225 1445.0
485 20 -320.0
1260 78 -118.0
3350 241 1229.0
3095 221 1249.0
2350 145 195.0
935 43 -283.0
955 46 -266.0
3180 202 248.0
1605 92 -12.0
2785 189 241.0
3215 194 1276.0
2010 144 26.0
690 35 -265.0
3410 218 1252.0
1505 92 -142.0
2435 150 -50.0
2500 181 219.0
2575 191 109.0
3065 201 1269.0
2760 214 236.0
3095 199 1271.0
2865 220 230.0
2385 148 242.0
975 46 -156.0
2310 123 137.0
1150 75 -265.0
1210 75 -135.0
2825 208 1262.0
675 35 -295.0
640 27 -337.0
1795 121 -61.0
1830 108 192.0
2955 200 220.0
2670 181 269.0
110 8 -428.0
2630 181 259.0
2780 197 1473.0
1760 110 20.0
3365 248 1422.0
2785 166 294.0
3290 188 1482.0
3290 205 1465.0
2540 169 81.0
1695 103 127.0
3200 206 1264.0
815 39 -279.0
3110 250 1220.0
775 50 -300.0
1635 86 54.0
2310 113 87.0
3770 245 1225.0
2660 153 97.0
3530 261 1209.0
1660 97 83.0
2185 138 12.0
2180 148 42.0
3220 188 182.0
720 46 -306.0
3155 202 1268.0
2870 250 1220.0
3035 277 1193.0
2975 185 1285.0
780 40 -240.0
780 35 -265.0
3125 167 1303.0
2315 160 240.0
1270 92 78.0
1890 125 75.0
1410 76 -86.0
2525 141 19.0
2025 131 139.0
1110 57 -97.0
2735 169 1301.0
2765 191 1279.0
1720 98 -8.0
2115 127 163.0
945 51 -191.0
800 67 -207.0
1160 59 -179.0
1740 112 -42.0
1755 115 -35.0
2530 145 -115.0
3080 220 1250.0
2625 188 162.0
2205 148 212.0
1790 130 -60.0
2655 152 298.0
790 40 -200.0
2750 214 1256.0
2530 149 121.0
3065 194 1276.0
2840 163 -123.0
1845 116 -156.0
3895 256 204.0
2985 203 247.0
1005 53 -193.0
280 13 -383.0
3745 216 244.0
2945 153 1517.0
1785 105 175.0
4250 325 1145.0
2530 170 150.0
1190 65 -115.0
2360 172 78.0
2720 211 1259.0
1150 49 -149.0
2915 188 1282.0
4085 295 1175.0
3095 199 1271.0
4250 255 1415.0
2705 269 111.0
1815 102 68.0
1335 55 -165.0
3455 315 1155.0
2510 153 287.0
2840 179 1491.0
2600 169 1301.0
1620 79 61.0
1835 121 -81.0
3185 295 1175.0
2675 162 1308.0
2260 148 62.0
3830 286 1184.0
2690 152 1318.0
1840 141 -111.0
2975 190 1280.0
205 12 -412.0
500 28 -328.0
2915 214 1256.0
1835 116 44.0
3275 214 1256.0
2130 120 110.0
1485 80 -120.0
570 27 -317.0
455 21 -351.0
1130 47 -107.0
510 25 -285.0
1740 87 83.0
535 25 -305.0
1090 65 -185.0
2195 150 -110.0
2840 182 1288.0
1660 106 -46.0
3110 200 1270.0
2960 206 404.0
1745 97 -117.0
1760 92 38.0
2600 173 1297.0
1480 73 -53.0
2490 145 215.0
1735 102 18.0
810 42 -212.0
2825 184 1286.0
425 25 -325.0
2485 185 115.0
2895 187 263.0
1500 82 58.0
3355 203 247.0
3140 203 1267.0
3380 215 1255.0
3015 208 242.0
3050 206 1264.0
3585 211 239.0
3215 187 1283.0
1340 74 -94.0
765 35 -295.0
1620 97 -17.0
2675 176 14.0
3235 210 250.0
1500 103 -173.0
545 40 -280.0
3935 233 1237.0
3160 238 222.0
4610 436 1034.0
2225 144 -104.0
3035 247 1223.0
1695 151 49.0
1395 89 -39.0
2720 168 172.0
2840 193 1277.0
3215 197 1273.0
2175 124 196.0
2460 172 218.0
665 27 -267.0
3350 189 1281.0
2945 211 1259.0
3020 245 1225.0
1200 73 -143.0
2390 124 126.0
2530 177 163.0
3215 202 1268.0
2585 169 271.0
1310 50 -170.0
2395 125 125.0
2245 164 176.0
2960 213 1257.0
1340 62 8.0
3500 278 1192.0
2975 197 1273.0
1735 100 290.0
3620 273 1197.0
1590 85 -5.0
4625 353 1117.0
1120 70 -220.0
2690 175 225.0
2825 171 1499.0
2825 166 1304.0
1950 117 -127.0
295 15 -415.0
2710 159 -9.0
2620 162 298.0
3065 212 1258.0
2260 178 392.0
2585 146 1324.0
2325 149 211.0
1500 86 -66.0
865 46 -206.0
1745 81 -11.0
2885 166 1304.0
2570 139 1531.0
1385 85 -15.0
2255 129 151.0
3890 262 1208.0
3200 181 1289.0
2960 248 1222.0
1125 82 -182.0
2960 185 1485.0
1045 71 -41.0
2525 155 35.0
2740 168 172.0
235 13 -383.0
2115 150 260.0
2390 139 141.0
2790 186 264.0
3380 206 1264.0
3155 220 1250.0
3300 218 132.0
3140 219 1251.0
2225 143 -103.0
1790 121 -81.0
1185 59 -139.0
3095 232 1238.0
2915 185 1285.0
3245 202 1268.0
2575 173 227.0
1215 85 -125.0
1910 125 -55.0
1450 84 -144.0
2785 186 274.0
2965 207 253.0
1785 84 86.0
4085 343 1127.0
2435 178 262.0
1760 120 -70.0
1185 90 -130.0
4160 227 1243.0
630 26 -286.0
2975 195 1475.0
880 36 -196.0
2060 140 110.0
290 16 -436.0
545 25 -295.0
595 30 -280.0
3310 249 211.0
2675 155 1315.0
900 39 -269.0
2945 308 1162.0
2190 134 126.0
1790 143 107.0
585 27 -257.0
2600 195 1475.0
780 35 -265.0
1510 92 -62.0
2560 138 172.0
415 18 -358.0
2980 164 236.0
2975 260 -70.0
80 9 -429.0
755 28 -298.0
1395 80 -120.0
3230 197 1273.0
3510 183 267.0
1860 116 24.0
1260 64 -114.0
1630 115 5.0
2930 215 1255.0
3890 271 1199.0
700 36 -286.0
340 17 -357.0
2890 218 242.0
1765 98 22.0
3005 189 1281.0
2415 195 105.0
3435 247 203.0
3200 191 189.0
2705 190 1280.0
3120 201 149.0
140 9 -429.0
1170 78 -208.0
2810 183 257.0
3305 227 1243.0
755 33 -243.0
2710 148 152.0
1960 106 104.0
3530 251 1219.0
1385 87 -137.0
1545 67 43.0
2800 167 203.0
2795 156 1314.0
2495 143 47.0
2545 159 151.0
3275 220 1450.0
3160 207 213.0
3205 242 188.0
555 24 -284.0
2095 109 71.0
3065 220 1250.0
1495 99 -129.0
2435 150 1320.0
2305 146 224.0
1875 99 11.0
2780 197 1273.0
2915 168 182.0
3230 178 1292.0
2170 147 123.0
1525 80 150.0
4175 287 1383.0
2975 171 1299.0
1690 103 -133.0
2460 155 75.0
2855 223 1247.0
2600 146 14.0
3150 183 117.0
2885 192 1278.0
3905 255 1215.0
255 13 -393.0
1090 75 -135.0
2720 160 1310.0
1495 71 39.0
2990 177 1293.0
2990 180 260.0
3235 221 139.0
2960 262 1208.0
2855 178 1292.0
2250 195 255.0
2910 221 229.0
2625 132 218.0
2275 130 50.0
1320 97 3.0
1355 122 -52.0
2510 156 164.0
2000 133 27.0
2555 151 1319.0
1470 91 -131.0
1155 70 -140.0
1400 91 -141.0
1420 94 -4.0
1740 115 85.0
3155 185 1285.0
2395 127 143.0
3030 209 241.0
1865 89 -19.0
3445 249 211.0
480 28 -348.0
3155 179 221.0
1060 64 -154.0
1420 87 -117.0
3170 204 1266.0
755 58 -298.0
1035 47 -217.0
2855 198 1272.0
1030 60 -180.0
290 15 -405.0
1400 92 -142.0
970 40 -200.0
1215 51 -101.0
555 28 -318.0
2660 208 1262.0
1290 77 23.0
2250 144 86.0
3185 179 1291.0
2565 153 137.0
3050 176 1294.0
3320 200 1270.0
1775 114 -14.0
1665 90 -100.0
2765 164 1306.0
2170 117 153.0
2205 126 134.0
2605 160 140.0
680 35 -275.0
2855 192 1278.0
3200 256 1214.0
1620 109 -59.0
4160 251 1219.0
495 23 -373.0
4220 250 1220.0
2930 233 1237.0
2885 210 1260.0
1425 97 -167.0
1355 84 -174.0
3080 219 1251.0
3820 256 174.0
4205 357 1113.0
2710 191 269.0
2495 149 1321.0
2945 151 1319.0
2735 155 165.0
2315 135 235.0
110 8 -428.0
485 28 -328.0
3485 198 1272.0
595 28 -278.0
1665 90 80.0
1400 123 57.0
1275 85 -125.0
2535 155 435.0
2020 127 -7.0
2440 133 107.0
610 43 -323.0
2635 146 254.0
3185 248 1222.0
2410 185 95.0
1460 76 -36.0
2915 174 1496.0
2555 161 1509.0
2780 145 1325.0
2480 159 1511.0
3310 197 223.0
3065 206 1264.0
1525 96 -66.0
3350 222 1248.0
2690 187 93.0
2160 139 121.0
2835 147 273.0
1095 74 -154.0
4130 262 1208.0
1255 86 -56.0
2740 167 223.0
2810 193 267.0
1200 81 -91.0
2000 111 49.0
1800 121 19.0
1850 109 -39.0
2005 113 -23.0
3960 300 -10.0
1245 82 -92.0
3010 222 78.0
1920 118 82.0
3010 235 225.0
900 63 -223.0
3175 244 216.0
1600 74 -24.0
2750 183 1287.0
2035 118 132.0
2170 116 184.0
880 49 31.0
1870 115 -175.0
3005 208 1262.0
545 25 -295.0
1250 59 -89.0
3725 258 1212.0
3125 194 1276.0
1455 96 -46.0
2615 176 1294.0
2355 152 228.0
2625 202 58.0
745 35 -255.0
3240 215 235.0
1185 72 -82.0
2100 140 120.0
2330 119 191.0
2355 131 189.0
590 31 -361.0
3065 222 1248.0
3050 196 1274.0
3050 197 1473.0
3665 259 1411.0
2620 137 163.0
970 102 -222.0
3200 248 1222.0
1380 69 -59.0
1995 105 95.0
2840 146 134.0
665 34 -274.0
2410 161 209.0
4325 258 1212.0
1700 139 -99.0
360 18 -338.0
3770 225 1445.0
3650 247 1223.0
695 37 -277.0
945 49 -189.0
3350 213 1257.0
3100 220 210.0
335 18 -378.0
2855 182 1488.0
3875 252 1218.0
2275 123 287.0
4085 401 1069.0
3185 201 1469.0
895 48 -208.0
2275 137 223.0
2765 157 1313.0
3605 263 1207.0
2990 191 1279.0
2860 175 165.0
1685 99 -119.0
930 43 57.0
2975 185 1285.0
490 25 -335.0
1810 94 96.0
1685 87 -47.0
2890 176 484.0
985 62 -152.0
950 50 -170.0
1745 87 43.0
2535 172 28.0
755 43 -313.0
1110 60 -230.0
2990 217 1253.0
1970 114 136.0
3515 258 1212.0
3950 289 1181.0
3515 216 1454.0
1615 101 19.0
1520 82 -12.0
1985 137 143.0
3275 247 1223.0
1900 105 345.0
2515 161 229.0
1485 81 -101.0
2855 205 1265.0
2160 137 223.0
1460 78 -138.0
1465 81 -121.0
2840 180 140.0
1645 80 -180.0
2585 163 177.0
525 25 -315.0
2990 167 1303.0
3620 254 1216.0
2700 208 242.0
2000 119 131.0
1010 62 -142.0
2800 170 230.0
2990 159 1311.0
605 28 -328.0
2690 167 1303.0
1475 87 -17.0
3500 291 1179.0
1220 76 44.0
3260 238 1232.0
3385 190 240.0
1950 134 66.0
2720 198 152.0
2735 145 105.0
2810 166 1304.0
190 11 -411.0
1785 102 98.0
1485 92 -162.0
3005 187 1283.0
2030 130 170.0
1395 93 -73.0
2825 188 252.0
3050 164 1306.0
2075 137 163.0
3245 237 1233.0
800 32 -242.0
3260 278 1592.0
130 9 -439.0
855 37 -207.0
2750 176 1294.0
310 14 -384.0
2990 201 1269.0
1970 110 50.0
765 41 -241.0
3845 287 1383.0
680 47 -257.0
3365 198 1272.0
1850 98 -28.0
1250 61 -181.0
1590 103 -53.0
1820 98 -28.0
2680 196 204.0
1425 83 -123.0
1930 97 83.0
1205 82 -102.0
2475 130 200.0
3680 325 1145.0
1720 101 19.0
2520 181 209.0
1970 104 -44.0
3155 265 1205.0
1060 48 -118.0
2900 161 1309.0
2980 160 140.0
3470 280 1190.0
365 17 -407.0
2390 130 90.0
2015 99 1.0
2010 136 4.0
1260 79 111.0
1265 81 -71.0
310 16 -356.0
3290 179 1491.0
3185 201 149.0
640 29 -339.0
1930 141 -21.0
1560 120 -130.0
2930 188 1282.0
2900 155 1515.0
1065 63 -203.0
1810 93 57.0
2940 178 272.0
3715 308 152.0
2485 143 327.0
3215 212 198.0
1870 125 95.0
3215 193 1277.0
3140 243 1427.0
2165 124 156.0
1620 102 -112.0
2510 143 137.0
1095 80 -120.0
530 24 -354.0
2205 109 231.0
3325 234 196.0
1275 76 -86.0
2480 148 102.0
3095 253 147.0
2450 165 145.0
3020 197 1273.0
2095 122 88.0
895 44 -234.0
110 8 -428.0
1685 86 74.0
3125 171 259.0
2360 148 72.0
3725 213 1257.0
3290 226 1244.0
3620 255 1215.0
570 37 -327.0
1385 82 -102.0
2375 140 170.0
3650 248 1222.0
2285 134 56.0
1485 78 32.0
4415 331 1139.0
2495 140 300.0
2315 122 8.0
2115 145 155.0
2495 163 237.0
3020 166 1304.0
3650 301 339.0
2915 182 1288.0
3260 233 1237.0
3245 226 1244.0
735 30 -290.0
1300 66 -136.0
3680 253 1217.0
1750 86 4.0
1855 95 -45.0
2930 183 1287.0
445 19 -359.0
1710 98 12.0
2945 165 1305.0
3005 241 1229.0
2960 165 1305.0
2750 183 1287.0
3040 190 80.0
3815 251 1219.0
1075 69 -159.0
1415 98 -58.0
2125 123 117.0
3365 213 1257.0
2720 150 1320.0
3125 198 1272.0
2975 208 1462.0
2805 179 171.0
3380 223 1247.0
3440 200 1270.0
2750 153 1317.0
1160 76 -126.0
1835 118 72.0
