1635 119 -9.0
1035 52 -162.0
6775 444 1466.0
1390 58 22.0
3480 281 349.0
2090 106 234.0
6135 328 672.0
2455 177 453.0
1970 98 142.0
2630 158 332.0
2870 158 342.0
2030 149 121.0
2415 143 27.0
1565 81 -11.0
7905 524 2266.0
4840 542 678.0
7080 554 2436.0
2795 211 429.0
1295 96 -86.0
4525 316 714.0
2520 184 526.0
1465 66 54.0
1525 96 74.0
780 35 -205.0
2520 156 224.0
5655 306 1054.0
970 46 -266.0
4745 339 731.0
5700 303 1057.0
2590 143 347.0
3375 157 613.0
2110 128 432.0
1040 47 -167.0
630 27 -257.0
1815 88 142.0
5410 309 781.0
3320 203 767.0
865 38 -198.0
6515 398 1012.0
5575 465 935.0
2415 125 285.0
2445 183 207.0
1950 107 113.0
4990 320 990.0
5435 344 1296.0
6905 438 1282.0
710 32 -212.0
3195 239 261.0
1390 81 -21.0
2995 177 463.0
3660 208 662.0
835 37 -197.0
2870 163 457.0
1510 74 36.0
1225 85 85.0
3520 263 587.0
5865 427 993.0
4525 255 875.0
2175 144 176.0
1875 135 65.0
1610 69 31.0
2135 136 354.0
7360 523 1187.0
2305 136 264.0
2860 152 338.0
580 32 -282.0
2045 99 211.0
380 21 -351.0
6350 387 1283.0
1515 61 -21.0
1360 96 -66.0
3620 195 625.0
3380 202 538.0
4405 305 1025.0
2760 177 333.0
5185 322 918.0
2785 143 517.0
2245 143 227.0
1215 68 122.0
6475 464 1216.0
1835 82 8.0
5885 364 1436.0
5380 320 980.0
3100 217 363.0
2475 133 157.0
4245 245 775.0
6200 505 1105.0
2145 121 109.0
4260 240 1340.0
1335 63 127.0
5285 269 1001.0
1350 79 111.0
2530 142 188.0
5535 317 953.0
1325 68 2.0
7410 450 2340.0
2300 126 254.0
2265 111 199.0
360 18 -338.0
5830 346 1244.0
1120 67 -187.0
2430 124 326.0
1910 112 138.0
4910 250 950.0
1430 56 -26.0
5215 293 1257.0
2190 117 203.0
2275 105 315.0
3900 272 358.0
7320 477 2513.0
2930 163 487.0
1295 69 -89.0
5525 294 1286.0
1745 82 278.0
605 35 -275.0
2145 119 61.0
3295 166 594.0
2490 134 216.0
7245 565 1005.0
1320 82 -182.0
1990 97 143.0
8310 564 2426.0
6435 507 853.0
1460 65 35.0
6190 391 1099.0
3815 239 731.0
3200 173 907.0
3425 173 647.0
3400 182 638.0
1180 68 -68.0
7385 498 1482.0
1185 66 -76.0
2500 129 241.0
3670 186 544.0
2600 169 241.0
4785 236 1644.0
2145 103 157.0
4585 235 985.0
3880 223 627.0
830 36 -186.0
2790 176 474.0
2765 169 331.0
785 39 -189.0
1535 83 47.0
1855 78 72.0
2980 157 653.0
6420 386 1284.0
4495 260 650.0
2810 149 471.0
7590 541 2249.0
4530 244 936.0
2960 180 510.0
2445 131 309.0
5040 270 1090.0
1590 96 -46.0
8340 573 2217.0
1305 60 -20.0
1245 75 115.0
1290 65 -85.0
5270 268 1022.0
2375 130 340.0
1520 97 -147.0
4650 315 835.0
5030 295 965.0
1305 65 -175.0
7605 533 2457.0
3720 209 721.0
2095 113 157.0
4410 292 758.0
2665 138 382.0
4340 240 780.0
3420 214 566.0
1640 117 -17.0
3060 182 138.0
4475 283 1017.0
7410 457 2333.0
3080 171 359.0
7500 642 2348.0
6835 419 1431.0
3150 162 498.0
2840 148 342.0
1275 64 -74.0
3060 182 448.0
1310 69 -59.0
2220 115 245.0
1815 94 16.0
1980 95 365.0
4955 294 1106.0
1485 72 -62.0
1700 113 -103.0
1935 89 101.0
3730 209 471.0
6515 468 1212.0
3655 227 583.0
2805 187 373.0
2460 149 201.0
4915 359 951.0
655 29 -249.0
1840 85 155.0
1455 67 -117.0
1450 70 -40.0
2590 144 256.0
2880 153 447.0
1400 64 236.0
3345 222 288.0
7605 438 2352.0
1830 94 366.0
2260 159 351.0
7245 416 2374.0
4775 247 953.0
2465 136 334.0
6085 396 1004.0
3040 165 415.0
3575 164 696.0
4150 201 829.0
3260 178 642.0
1285 88 -118.0
6110 360 1270.0
1355 69 -59.0
2715 168 432.0
2310 128 192.0
2460 147 593.0
4205 225 905.0
4705 276 884.0
2645 130 400.0
5375 305 1035.0
4360 243 757.0
1645 84 56.0
1100 53 -113.0
3165 148 592.0
4755 274 836.0
1630 76 14.0
2915 139 471.0
2515 116 244.0
3110 154 526.0
5540 301 1019.0
3955 208 732.0
2650 192 268.0
8115 661 2129.0
5985 323 1247.0
7470 525 2265.0
4080 272 898.0
7380 503 1197.0
2890 211 369.0
4135 236 764.0
1635 71 99.0
8480 529 1091.0
2990 149 411.0
680 29 -239.0
2305 130 240.0
2985 151 359.0
6190 369 1001.0
645 40 -300.0
3265 141 489.0
1415 65 25.0
6240 532 1128.0
2360 114 256.0
4525 225 835.0
2195 98 272.0
2845 176 414.0
2640 153 327.0
5175 293 1127.0
1280 89 -79.0
7980 546 2244.0
2495 145 345.0
4465 303 677.0
565 27 -277.0
2765 163 157.0
470 25 -325.0
3875 217 583.0
6375 361 1529.0
4860 262 948.0
2615 142 388.0
5310 340 780.0
3305 190 460.0
6645 409 1371.0
7705 579 1191.0
4565 268 1032.0
5380 278 1102.0
2570 111 369.0
2310 128 42.0
3515 209 471.0
7545 629 1091.0
2455 138 202.0
6265 389 981.0
2015 88 192.0
1405 74 -44.0
4890 326 604.0
480 21 -311.0
2700 143 277.0
5455 268 1222.0
1985 100 150.0
5145 344 836.0
2570 151 319.0
1260 67 -77.0
5995 345 1215.0
1945 97 143.0
3660 209 721.0
1980 96 184.0
8145 581 2409.0
2480 130 240.0
2590 146 344.0
3130 174 406.0
4515 286 1034.0
2915 147 503.0
1695 82 88.0
5800 356 1114.0
5190 370 910.0
2340 189 51.0
970 63 -183.0
6455 450 1120.0
3110 179 411.0
1850 98 62.0
1520 77 -37.0
4955 292 838.0
2745 133 287.0
2590 141 319.0
2605 150 370.0
2455 154 566.0
2115 126 234.0
2540 132 338.0
2160 114 216.0
5975 422 1138.0
3065 179 611.0
5930 347 913.0
3810 227 563.0
2395 109 321.0
3660 277 713.0
955 44 -234.0
6250 361 1089.0
1760 94 96.0
2410 137 193.0
2845 176 544.0
4615 292 738.0
1635 88 22.0
5555 334 1016.0
6450 398 2592.0
4325 244 586.0
1735 93 117.0
1505 155 -55.0
1465 79 -49.0
5890 323 1137.0
1265 69 -89.0
4380 272 818.0
4495 273 667.0
5745 340 1180.0
1355 79 -39.0
2770 141 309.0
6930 410 2380.0
2615 137 353.0
3290 212 558.0
1475 96 -86.0
2960 221 209.0
2840 165 395.0
3310 173 497.0
4575 276 844.0
6055 372 1218.0
5840 394 886.0
3600 199 431.0
4685 258 912.0
1975 165 225.0
5490 316 1374.0
1890 121 49.0
3295 198 472.0
3120 170 430.0
3290 176 614.0
4995 304 996.0
1670 81 39.0
2905 163 387.0
4765 251 719.0
4895 268 1002.0
2475 140 190.0
6680 372 1338.0
2605 198 192.0
5750 338 1092.0
5320 363 587.0
1140 54 -104.0
1760 88 -18.0
3780 226 764.0
4780 346 934.0
1590 81 29.0
2180 140 170.0
4245 233 757.0
6915 414 2376.0
1395 73 -113.0
6920 448 1272.0
6490 423 1167.0
4300 206 844.0
2590 150 400.0
1785 94 -74.0
1595 74 26.0
675 33 -293.0
3400 197 563.0
4930 260 830.0
355 18 -358.0
3620 195 615.0
8240 641 1139.0
1190 69 -119.0
1350 72 -52.0
4620 249 841.0
5685 257 1243.0
2660 122 468.0
5950 358 822.0
2795 197 363.0
1410 72 -22.0
2015 103 117.0
7260 523 2267.0
4660 308 852.0
590 27 -267.0
5715 387 1263.0
3810 236 604.0
7185 409 2381.0
3710 231 509.0
4775 302 818.0
1615 77 -17.0
1005 62 -282.0
5345 316 884.0
7240 480 1170.0
1345 67 -37.0
2285 121 219.0
3055 168 562.0
2915 161 599.0
2120 108 82.0
3180 206 594.0
4105 227 683.0
7530 518 2272.0
1815 99 101.0
3415 183 807.0
4115 216 714.0
4225 272 578.0
3205 187 453.0
3015 198 492.0
2720 139 391.0
1890 97 133.0
3370 155 695.0
1725 114 -4.0
2355 110 330.0
4715 268 902.0
3970 241 639.0
4495 254 876.0
1920 92 228.0
4910 312 888.0
5205 298 932.0
3360 161 519.0
900 46 -156.0
3245 168 592.0
5615 370 980.0
2550 125 355.0
6205 361 949.0
875 44 -194.0
2390 128 262.0
2620 133 407.0
3245 187 423.0
3675 178 732.0
6915 396 2394.0
1320 72 -212.0
5730 390 1240.0
415 20 -360.0
4670 286 974.0
6515 394 1046.0
6110 396 1134.0
4730 367 993.0
3685 188 602.0
7850 649 981.0
2500 130 170.0
2375 101 349.0
4030 189 711.0
6650 468 1242.0
4510 237 893.0
1015 40 -260.0
7015 461 1179.0
1425 70 -20.0
2430 121 259.0
4585 267 953.0
1640 105 -125.0
7465 481 1599.0
4365 271 779.0
1835 97 93.0
10260 816 1974.0
1180 66 -156.0
1215 67 -77.0
1520 78 22.0
2245 112 248.0
3455 191 459.0
3205 156 334.0
5195 298 922.0
3515 216 674.0
4920 320 790.0
1540 99 -129.0
1970 125 125.0
2770 164 316.0
1325 75 -65.0
4320 275 655.0
1885 125 65.0
4540 292 818.0
1775 110 80.0
2280 98 342.0
2130 97 183.0
5785 295 985.0
1420 95 -65.0
3485 221 369.0
3985 259 611.0
7770 425 1275.0
5720 433 857.0
8430 547 2243.0
3030 243 347.0
3470 201 549.0
2495 127 273.0
6210 380 1430.0
4310 316 584.0
2100 143 57.0
2120 115 205.0
1205 86 -136.0
7470 492 2298.0
6165 342 1228.0
1430 69 -29.0
2370 125 225.0
1815 89 281.0
8705 583 1007.0
3255 184 316.0
1810 91 119.0
1705 134 106.0
1655 81 49.0
2755 148 252.0
1675 97 23.0
5140 309 871.0
6300 328 2462.0
2855 144 376.0
8150 569 1211.0
1245 86 -96.0
5950 396 1394.0
1085 49 -109.0
1640 67 -7.0
445 26 -336.0
3815 201 679.0
5055 323 947.0
1685 85 65.0
2650 169 261.0
635 31 -271.0
1925 120 170.0
1370 65 -95.0
3810 211 699.0
2095 110 210.0
2640 150 370.0
780 35 -205.0
2980 164 476.0
2945 166 384.0
3370 198 382.0
1585 74 36.0
3095 181 409.0
1615 94 -4.0
3910 237 703.0
7075 463 1257.0
5340 283 917.0
2135 107 223.0
5760 339 1251.0
7370 535 925.0
2065 126 94.0
5485 336 724.0
2590 149 301.0
1610 69 -69.0
3715 227 503.0
3835 262 858.0
3015 147 463.0
6300 330 2460.0
4935 348 662.0
4960 268 982.0
3085 165 195.0
1430 79 21.0
4050 212 778.0
6830 394 1126.0
1045 46 -116.0
1590 75 55.0
1380 63 37.0
1905 91 49.0
4130 266 744.0
2985 148 482.0
7235 540 1180.0
2210 130 280.0
4735 250 910.0
3360 170 500.0
4745 299 1041.0
1585 73 37.0
4960 298 982.0
1800 87 83.0
2520 119 401.0
3490 227 583.0
3225 176 324.0
1490 88 182.0
3715 182 478.0
2380 156 354.0
2360 143 257.0
3170 145 545.0
7325 503 1087.0
3340 217 553.0
3385 256 414.0
2730 138 392.0
7050 423 2367.0
3980 196 724.0
2990 158 422.0
4975 347 953.0
3190 176 494.0
6945 572 2418.0
2550 117 263.0
6120 352 1198.0
3135 172 458.0
2425 124 116.0
1705 81 -21.0
1755 134 116.0
2570 136 204.0
6005 375 975.0
3390 199 551.0
3730 211 459.0
6900 420 2370.0
2365 131 239.0
4505 299 721.0
4805 305 925.0
1825 89 31.0
2915 171 389.0
4590 276 984.0
2545 138 342.0
3515 163 757.0
5510 317 963.0
3570 211 769.0
1290 54 -74.0
890 42 -162.0
5225 491 589.0
3590 182 698.0
3015 193 307.0
5940 293 1107.0
1055 50 -140.0
1915 92 348.0
7455 464 2326.0
2325 130 100.0
3045 144 536.0
1530 72 -2.0
4230 239 481.0
2770 181 269.0
7170 430 2360.0
4550 218 752.0
5425 317 933.0
5975 346 1304.0
2095 107 133.0
2865 136 454.0
8420 582 1368.0
6115 389 1041.0
5350 366 1064.0
7050 388 2602.0
7860 532 2258.0
3050 193 397.0
6310 427 1033.0
4770 318 762.0
4010 247 673.0
7410 482 2308.0
2910 158 552.0
2670 165 285.0
5255 324 1116.0
7420 479 1201.0
1655 90 -20.0
2795 196 324.0
2255 115 255.0
1385 84 -74.0
4710 287 653.0
2745 179 301.0
2870 152 408.0
2650 122 408.0
4805 303 767.0
3710 223 667.0
5400 305 1115.0
2005 95 195.0
2585 143 227.0
5465 314 876.0
2965 131 439.0
3510 208 452.0
7275 570 2420.0
3200 181 439.0
2755 142 308.0
5615 361 739.0
7710 495 2295.0
2405 147 163.0
2745 163 347.0
2390 151 219.0
1835 111 49.0
1295 68 -28.0
6285 355 1215.0
2380 135 285.0
6780 413 2377.0
4315 281 949.0
4625 284 646.0
5385 305 775.0
5665 332 1138.0
2015 92 88.0
2200 128 202.0
1200 60 -50.0
5895 365 685.0
6960 543 1097.0
6820 460 1080.0
865 45 -175.0
2660 169 261.0
5830 296 1184.0
2565 112 348.0
5130 323 1007.0
3345 169 391.0
4550 221 909.0
3565 210 580.0
1350 57 -17.0
6055 348 1502.0
1025 47 -137.0
3435 230 340.0
4540 310 840.0
5445 327 1023.0
950 44 -134.0
5560 337 1033.0
4175 230 590.0
2100 111 119.0
3270 195 525.0
4385 240 700.0
1880 113 17.0
2340 124 286.0
1570 67 23.0
7380 526 1204.0
1375 66 -6.0
5995 374 1076.0
1875 87 73.0
2285 118 -18.0
1915 81 89.0
2820 182 378.0
5400 333 1127.0
5265 303 837.0
760 41 -261.0
2710 137 343.0
2980 159 511.0
4415 267 473.0
3305 167 463.0
3505 226 504.0
6325 418 1492.0
2360 129 211.0
2195 102 258.0
2055 128 72.0
3830 230 570.0
2410 123 167.0
5285 353 1037.0
5585 298 1142.0
1580 79 11.0
1245 54 -44.0
4415 219 901.0
2635 145 445.0
1150 50 -90.0
1630 80 60.0
2785 124 436.0
1795 125 -95.0
3110 130 600.0
1040 77 -187.0
2990 186 314.0
2950 131 519.0
1940 100 20.0
1275 64 -74.0
5340 288 1012.0
3535 202 938.0
6965 404 1276.0
5200 287 893.0
2345 153 187.0
1375 68 -38.0
3870 245 535.0
2405 122 228.0
2450 150 200.0
8415 549 2441.0
5325 295 935.0
6235 472 1178.0
1340 66 -56.0
1885 153 -63.0
5905 472 1118.0
3020 207 353.0
2775 173 217.0
6575 494 1166.0
2015 100 60.0
4860 281 869.0
6540 409 881.0
5585 322 928.0
6400 385 1045.0
3445 220 480.0
4160 240 440.0
5490 334 996.0
2485 171 -51.0
1785 107 33.0
6465 401 2389.0
3505 178 542.0
2320 172 128.0
4540 285 1015.0
6635 440 1090.0
5015 340 700.0
1490 98 -88.0
1970 110 -100.0
2795 133 257.0
4510 236 764.0
1445 71 -71.0
2310 115 235.0
3475 214 576.0
1860 94 -44.0
3620 203 687.0
5860 463 997.0
925 66 -276.0
3045 152 448.0
8000 697 993.0
1930 114 66.0
1310 73 -63.0
1600 76 74.0
1685 87 73.0
1355 82 -192.0
2310 147 173.0
3395 174 496.0
2905 166 384.0
2570 126 214.0
2315 93 187.0
3000 159 471.0
4325 243 797.0
4270 261 589.0
4740 285 925.0
2950 169 791.0
2150 129 31.0
3160 195 385.0
3785 195 635.0
1300 70 -130.0
6795 425 1195.0
2950 191 359.0
2080 115 105.0
7555 480 1170.0
1775 92 -22.0
3385 227 703.0
1635 85 25.0
3525 204 446.0
7635 523 2267.0
895 67 -97.0
4925 319 761.0
2255 115 235.0
4830 307 833.0
2055 105 125.0
2025 104 36.0
7740 605 2185.0
8700 610 2180.0
2470 123 297.0
3860 288 572.0
3665 243 597.0
7770 495 2295.0
6850 517 1193.0
5265 338 1172.0
8115 510 2280.0
4945 302 688.0
1280 52 -202.0
7575 683 2107.0
6960 450 2340.0
4460 261 869.0
2400 114 136.0
1345 58 -8.0
5210 266 984.0
6790 457 1313.0
1460 83 -73.0
1470 70 0.0
1195 62 -102.0
6010 376 1444.0
3530 189 551.0
2225 100 110.0
6430 375 1245.0
6355 485 1165.0
3370 201 219.0
3005 186 214.0
6675 372 1288.0
3060 198 452.0
2885 135 415.0
2575 166 194.0
2435 134 266.0
7305 480 2510.0
3125 171 509.0
4255 279 391.0
6310 345 1205.0
1005 47 -187.0
6885 453 1147.0
1255 63 -103.0
7085 433 1547.0
3905 209 551.0
2155 119 131.0
5190 269 1141.0
5185 297 1013.0
2690 191 369.0
4445 275 805.0
6200 374 956.0
4215 267 603.0
1725 84 46.0
725 34 -274.0
4565 242 1058.0
1280 72 -72.0
2820 196 274.0
3865 205 555.0
2415 168 152.0
6930 464 1246.0
2560 126 354.0
2320 128 292.0
7860 476 2314.0
1795 94 86.0
1825 85 25.0
4185 237 723.0
3755 185 965.0
4245 232 658.0
3180 187 603.0
5395 340 940.0
4125 229 801.0
2650 176 274.0
1600 77 33.0
850 43 -203.0
4550 335 745.0
485 23 -323.0
4505 266 784.0
2775 151 499.0
2415 114 196.0
5430 341 869.0
2410 108 382.0
3705 214 626.0
1020 55 -135.0
5160 320 980.0
6275 392 1318.0
1700 79 41.0
5835 404 956.0
4225 249 851.0
4760 256 964.0
2505 142 358.0
3295 172 438.0
460 33 -343.0
5490 336 864.0
2345 112 318.0
1345 65 -45.0
5805 324 1246.0
3990 210 780.0
2755 146 364.0
2590 119 291.0
780 35 -265.0
5045 332 828.0
2260 119 151.0
7260 491 2299.0
4145 213 857.0
3590 229 451.0
6150 347 1103.0
5705 319 1151.0
4035 191 819.0
1570 72 38.0
1970 105 -5.0
5425 348 842.0
3595 197 893.0
1825 84 386.0
1885 93 117.0
500 26 -326.0
5080 293 1107.0
2390 123 337.0
5585 356 1184.0
1725 81 -11.0
6085 327 1353.0
6275 422 718.0
1880 111 49.0
5505 435 565.0
4445 333 587.0
2435 136 264.0
5980 370 1420.0
2320 135 105.0
4340 279 721.0
6490 428 1132.0
4435 239 981.0
4720 306 514.0
4135 246 754.0
2930 177 383.0
6420 390 940.0
1750 103 17.0
5250 318 1002.0
3935 232 928.0
2690 145 385.0
5760 383 1187.0
6020 349 1461.0
2685 171 279.0
1335 71 -21.0
1375 67 -7.0
3470 205 535.0
2180 106 204.0
4055 263 997.0
1200 92 -222.0
4065 259 371.0
5015 267 873.0
2605 148 222.0
6655 510 1140.0
1375 70 -40.0
3240 136 544.0
3130 171 559.0
2015 102 188.0
6210 440 1020.0
4470 221 829.0
6240 443 1277.0
4730 288 1082.0
4390 267 793.0
2395 143 127.0
1345 68 -38.0
2830 164 266.0
2065 144 -24.0
2325 123 137.0
2380 140 260.0
1070 72 -182.0
5095 330 910.0
1285 112 -112.0
3040 144 456.0
2135 152 198.0
2675 150 320.0
7560 559 2431.0
1515 114 -64.0
2975 188 372.0
3100 181 479.0
4510 312 848.0
3605 258 542.0
2470 132 298.0
2670 136 374.0
5950 339 911.0
5075 286 944.0
8205 671 2119.0
5250 306 904.0
2750 179 351.0
6915 461 2529.0
5430 307 1213.0
5225 342 1178.0
4605 341 879.0
1520 141 219.0
2470 115 245.0
1715 86 44.0
8130 489 2301.0
6440 379 1281.0
4855 282 958.0
3015 147 393.0
6275 474 1276.0
985 77 -197.0
2170 112 228.0
1035 64 -194.0
7350 519 1151.0
4135 234 436.0
2865 136 444.0
855 34 -204.0
1690 83 37.0
6305 398 1422.0
3225 192 468.0
7690 462 1508.0
3640 193 507.0
4605 285 925.0
6870 446 1254.0
2125 108 182.0
1620 75 65.0
2220 105 275.0
5790 308 1372.0
4425 337 723.0
3230 171 349.0
1765 73 67.0
990 51 -221.0
7455 551 2839.0
2320 111 69.0
1445 70 -30.0
1940 100 120.0
2675 174 266.0
6140 395 1195.0
6855 445 1275.0
6095 496 824.0
4810 251 969.0
6685 428 1062.0
1475 106 -96.0
2225 125 225.0
3755 192 488.0
3805 209 601.0
7720 522 1248.0
5345 366 824.0
4020 201 679.0
4735 274 876.0
7860 525 2465.0
2075 121 139.0
2895 158 292.0
2400 126 204.0
4800 296 984.0
6930 377 2413.0
5445 330 960.0
1415 104 -94.0
5275 354 976.0
1315 90 -210.0
8040 503 2287.0
885 46 -186.0
1330 61 -11.0
530 23 -293.0
5990 393 1207.0
4995 272 1028.0
6460 425 1035.0
5860 421 1019.0
5630 361 1219.0
2430 119 261.0
4455 274 876.0
6085 376 1414.0
1575 102 -52.0
7140 492 2298.0
4530 232 758.0
2300 134 186.0
4050 235 725.0
2545 135 265.0
4555 267 863.0
3935 242 718.0
2940 158 402.0
6395 376 1114.0
7395 478 2312.0
2610 143 427.0
2295 140 220.0
2185 127 83.0
7620 546 1184.0
3770 211 709.0
5080 315 905.0
2635 171 289.0
4925 268 782.0
1890 82 58.0
3095 165 575.0
1015 47 -177.0
4900 279 1171.0
5065 301 949.0
1975 92 168.0
3930 239 661.0
1330 70 -40.0
2950 174 376.0
7155 413 1127.0
3050 199 451.0
890 65 -295.0
2585 137 363.0
3705 243 597.0
885 68 -198.0
3505 184 726.0
6445 478 1172.0
6715 450 1220.0
2410 153 217.0
3715 193 417.0
1115 49 -109.0
6550 426 1264.0
1975 113 127.0
4820 290 990.0
2700 166 284.0
1925 86 134.0
6510 411 1549.0
2255 94 326.0
1510 69 -109.0
6750 368 1082.0
2805 159 441.0
6985 422 1218.0
4275 217 833.0
6580 442 1228.0
1855 102 278.0
5450 308 922.0
7125 414 2376.0
4270 210 820.0
485 23 -323.0
4930 281 929.0
5300 346 854.0
1825 87 23.0
430 19 -329.0
1780 84 56.0
3460 195 745.0
3915 252 828.0
1535 106 -36.0
2420 134 246.0
6580 547 1353.0
1555 77 13.0
1400 62 8.0
1560 100 -80.0
5740 327 1193.0
6790 419 1161.0
1005 75 -205.0
1190 66 -146.0
4020 239 571.0
5815 379 1051.0
1840 112 108.0
4645 278 852.0
990 67 -197.0
1740 107 3.0
6915 368 1162.0
7515 502 1218.0
1340 82 -72.0
5050 287 963.0
5255 275 925.0
3490 184 576.0
7845 584 2206.0
6105 361 1119.0
1060 44 -234.0
7630 471 2319.0
3205 162 288.0
1845 117 83.0
2150 120 130.0
2660 122 428.0
2820 165 335.0
7475 470 1250.0
4415 250 760.0
2655 167 223.0
3705 222 558.0
5745 361 1059.0
1130 53 -113.0
2480 139 491.0
5285 324 986.0
6815 492 918.0
4260 206 754.0
2845 146 394.0
2550 181 209.0
3310 149 601.0
5015 270 1070.0
7185 481 1439.0
2650 141 509.0
4775 257 903.0
3590 208 492.0
4050 174 786.0
2770 165 295.0
4140 208 862.0
1130 64 -144.0
2315 124 486.0
7260 445 2345.0
1970 79 -139.0
2195 108 232.0
4990 316 904.0
2115 116 264.0
5530 335 1035.0
6630 445 2345.0
1390 70 -20.0
1090 65 -155.0
2010 102 128.0
2440 161 209.0
3570 171 549.0
630 27 -257.0
3540 205 515.0
2325 134 156.0
3810 216 624.0
975 73 -203.0
7275 421 2369.0
3400 242 308.0
1890 80 150.0
1630 83 67.0
1030 76 -196.0
1300 68 -68.0
1355 70 -120.0
7270 556 1384.0
2195 148 102.0
2775 135 295.0
2265 104 276.0
4420 201 889.0
2270 133 277.0
6410 393 1237.0
5595 343 1037.0
2015 92 68.0
1650 78 92.0
3885 218 592.0
2710 137 353.0
2970 157 283.0
1630 72 78.0
5965 332 1118.0
5265 281 1109.0
4875 249 981.0
7310 399 1321.0
6230 439 971.0
7950 511 2279.0
8355 589 2201.0
1950 99 161.0
3195 231 439.0
3910 185 805.0
4525 236 944.0
5475 331 1089.0
7185 438 2352.0
1670 81 109.0
5495 332 1018.0
6615 399 1291.0
5785 337 1033.0
7605 479 2511.0
7500 432 2358.0
5565 339 891.0
1470 75 -5.0
7025 407 1313.0
1340 84 -104.0
8025 579 2411.0
1245 56 -46.0
2300 98 302.0
6885 572 2218.0
4895 284 1476.0
3325 200 500.0
5350 360 850.0
5135 367 763.0
4135 221 799.0
4340 245 735.0
4105 207 693.0
5405 319 1011.0
2940 153 667.0
1315 108 -138.0
1495 72 -172.0
1220 53 -53.0
7180 433 1257.0
3625 175 575.0
1520 73 17.0
6360 380 1120.0
5335 329 861.0
7095 476 2514.0
3280 201 379.0
7725 472 2318.0
5575 324 1126.0
5600 317 873.0
4720 276 574.0
3070 172 488.0
815 36 -246.0
1720 74 66.0
1685 79 11.0
2725 154 286.0
1115 54 -144.0
7305 505 2485.0
1975 100 70.0
2460 125 345.0
6320 396 1294.0
5900 320 1360.0
4230 282 708.0
3790 236 664.0
5805 288 1042.0
7590 625 2165.0
2105 94 186.0
3935 205 555.0
5425 297 773.0
930 45 -185.0
2045 93 207.0
7365 448 2342.0
3405 165 665.0
1210 51 -121.0
5815 301 1299.0
1370 59 1.0
2660 148 122.0
8400 555 2435.0
1260 60 -50.0
4910 267 863.0
1340 71 -61.0
6080 363 1097.0
7310 485 1265.0
7005 451 2739.0
2295 134 216.0
1380 95 -15.0
4965 280 1000.0
3490 189 171.0
6630 382 2408.0
6815 485 1015.0
1670 90 -200.0
1325 75 -65.0
3320 176 534.0
1655 87 -17.0
3995 235 475.0
1470 107 -147.0
5880 353 977.0
975 74 -204.0
1350 67 -47.0
6210 378 1292.0
2335 130 140.0
4945 342 718.0
7365 451 2339.0
2160 118 182.0
7330 461 1309.0
6925 478 1112.0
555 26 -286.0
1295 86 -166.0
4175 261 569.0
2415 152 208.0
3035 127 533.0
2195 164 86.0
1760 108 142.0
3425 193 837.0
5615 406 1144.0
3270 201 369.0
2200 136 174.0
2155 96 184.0
3370 201 599.0
7425 483 2307.0
1190 87 -197.0
6400 335 1185.0
7185 430 1290.0
3495 163 737.0
6175 361 1069.0
4205 241 779.0
5840 317 1083.0
2320 129 291.0
1835 133 187.0
3775 263 757.0
3130 184 456.0
3205 194 506.0
940 40 -230.0
3850 183 687.0
6335 396 794.0
4465 242 888.0
3205 161 509.0
6250 425 1005.0
2895 170 310.0
3920 223 427.0
7635 553 2237.0
5560 418 612.0
3065 171 469.0
2690 155 575.0
4120 226 804.0
2930 144 416.0
3265 258 352.0
5430 347 1033.0
4840 257 923.0
3605 216 614.0
5260 318 1222.0
4210 258 782.0
7250 494 1096.0
1250 71 -151.0
2165 106 84.0
4255 267 703.0
4595 254 1006.0
3490 199 441.0
1550 84 46.0
6195 371 1169.0
4375 254 726.0
2620 131 259.0
1465 72 -42.0
4885 263 1097.0
3355 150 640.0
7650 561 2229.0
1165 85 -145.0
3610 187 473.0
2610 149 321.0
3205 157 333.0
5410 345 905.0
7560 632 2358.0
3390 155 485.0
5645 306 1134.0
1230 69 -169.0
2140 122 188.0
6270 433 897.0
1000 64 -124.0
1285 99 -159.0
3075 194 316.0
3120 179 391.0
1225 68 -188.0
970 66 -276.0
1275 66 -76.0
2915 159 461.0
8555 588 1292.0
5100 304 1056.0
7110 466 2324.0
3810 259 641.0
1475 69 -69.0
5780 348 1102.0
4090 222 638.0
3210 226 434.0
3050 145 545.0
1665 81 -1.0
5640 334 1046.0
1300 55 -155.0
5770 358 1132.0
7715 500 1280.0
4045 214 696.0
3760 214 486.0
1175 61 -91.0
3220 191 419.0
3195 154 596.0
5320 286 1074.0
4655 305 885.0
7965 617 2373.0
4345 249 661.0
1470 88 -128.0
6165 317 1223.0
1135 58 -98.0
5295 258 1012.0
1765 92 108.0
7080 448 1302.0
5690 349 1121.0
1270 63 -73.0
7365 441 2349.0
4765 254 1166.0
7980 485 2305.0
4760 274 886.0
6620 390 1220.0
6890 471 1419.0
7055 426 1434.0
2750 164 276.0
3080 176 444.0
3235 204 466.0
4925 279 851.0
4230 205 755.0
1675 78 132.0
2280 124 256.0
1610 81 49.0
2095 95 245.0
6580 372 1288.0
5770 378 962.0
3210 151 419.0
6780 404 2586.0
1570 81 -1.0
1310 71 -121.0
3545 287 393.0
6420 377 923.0
6350 356 1404.0
2980 161 299.0
4355 281 769.0
6975 532 2258.0
1045 64 -224.0
1210 59 -99.0
2870 141 439.0
4405 275 835.0
3520 246 324.0
1920 93 197.0
6400 364 1126.0
4880 236 1114.0
4525 262 938.0
5935 353 1137.0
1895 112 158.0
1790 89 41.0
4490 224 846.0
5405 317 903.0
1540 80 -30.0
2025 95 215.0
1280 63 -63.0
5645 370 980.0
7190 407 1543.0
3780 221 499.0
1270 65 -65.0
1580 86 134.0
1905 89 101.0
6185 337 1293.0
2315 117 313.0
3510 200 620.0
8010 553 2437.0
3945 189 1021.0
6675 405 1265.0
5895 330 930.0
7425 399 2391.0
6855 444 2346.0
1470 73 -23.0
1400 69 -29.0
1395 76 -26.0
1790 89 101.0
4265 291 779.0
3300 242 328.0
5065 266 1224.0
1270 67 -127.0
1820 111 79.0
1220 53 -53.0
2350 111 309.0
6015 393 1257.0
1810 99 191.0
8160 542 2248.0
1270 83 -83.0
4250 232 798.0
5105 276 924.0
2800 178 162.0
3830 167 513.0
3485 179 581.0
6135 407 1153.0
6565 416 1434.0
3160 210 430.0
2265 113 247.0
5165 331 989.0
6275 383 1207.0
7355 475 1055.0
3590 250 460.0
615 28 -258.0
7250 476 1244.0
4415 242 798.0
1950 118 82.0
1195 77 -227.0
1400 69 -29.0
3600 262 398.0
6855 520 2270.0
5975 393 1077.0
1885 98 122.0
2850 129 491.0
4875 283 1097.0
6605 419 1301.0
5535 377 863.0
1200 83 -213.0
7350 457 2733.0
3230 188 522.0
3810 202 778.0
5045 290 960.0
5710 332 1118.0
6770 472 1088.0
1110 83 -183.0
3375 231 429.0
7845 489 2301.0
1255 60 -40.0
2745 141 399.0
7260 559 2231.0
3285 193 317.0
1445 70 0.0
7515 475 2315.0
2730 168 372.0
2710 162 298.0
6820 508 1222.0
2245 102 288.0
8160 515 2275.0
4140 246 504.0
3320 207 443.0
5680 344 1176.0
7575 502 2288.0
1305 61 -81.0
3500 203 877.0
4175 266 784.0
3955 190 780.0
4795 270 850.0
6735 365 2425.0
8025 531 2259.0
3540 208 502.0
5835 333 1137.0
815 38 -188.0
4455 309 831.0
3330 192 468.0
5430 326 784.0
2240 125 105.0
2745 199 251.0
7695 455 2335.0
8130 571 2219.0
5560 280 1230.0
6420 436 1324.0
2710 175 285.0
3100 223 327.0
1280 63 -63.0
1280 63 -63.0
430 21 -331.0
3295 152 178.0
3690 178 422.0
655 39 -349.0
2595 140 270.0
2905 136 194.0
5050 249 1091.0
5785 365 1065.0
4145 229 661.0
3010 185 365.0
3345 202 538.0
6915 505 2285.0
2160 123 237.0
2510 145 355.0
6765 444 2346.0
3550 202 588.0
3870 289 561.0
5340 336 804.0
2545 147 313.0
4805 274 616.0
2590 120 380.0
2525 118 332.0
5480 289 1071.0
6445 504 1076.0
6940 406 1364.0
1335 57 -47.0
6245 386 1244.0
5510 433 817.0
3340 170 590.0
1595 59 -29.0
7005 400 2390.0
2595 129 371.0
1350 55 -45.0
5870 380 1180.0
1950 75 85.0
2355 143 207.0
7395 509 1251.0
1145 65 -85.0
970 45 -145.0
2035 117 123.0
1990 111 299.0
6780 360 1370.0
1430 66 24.0
940 40 -230.0
6445 388 1262.0
1600 76 34.0
7650 495 2295.0
3230 205 495.0
2590 147 223.0
1480 68 22.0
2910 131 479.0
2515 138 312.0
1145 50 -80.0
4280 270 740.0
4490 294 896.0
6870 429 2561.0
7215 475 2315.0
1250 58 -28.0
8880 672 1188.0
3415 186 594.0
5720 345 1245.0
1385 86 -136.0
2810 199 321.0
4815 263 1007.0
4175 231 749.0
2835 192 338.0
2710 129 411.0
4495 255 765.0
1695 80 20.0
6945 425 2365.0
1295 66 -56.0
1280 71 -31.0
6060 348 1192.0
7740 571 2219.0
3085 197 353.0
2485 156 104.0
5640 339 1251.0
2165 119 231.0
3180 218 442.0
2960 152 438.0
7320 565 2225.0
5650 388 822.0
5045 258 872.0
1860 101 99.0
3350 191 459.0
3215 200 450.0
4260 288 762.0
3635 204 536.0
4340 224 846.0
1145 85 5.0
7155 446 2344.0
5905 389 1061.0
2320 143 227.0
1495 69 51.0
1090 64 -154.0
4800 279 1161.0
5025 253 977.0
6235 468 1312.0
3785 175 755.0
1340 68 -38.0
6705 459 2531.0
2685 140 390.0
3590 177 643.0
1050 48 -98.0
1460 70 20.0
4735 295 975.0
5935 417 1203.0
2025 143 27.0
5265 307 693.0
1110 65 -135.0
5265 347 1063.0
3190 162 508.0
4540 262 708.0
2315 139 211.0
1515 99 -49.0
2500 144 226.0
1175 70 -120.0
2120 132 38.0
3105 196 404.0
2500 152 308.0
1095 68 62.0
3530 207 473.0
6590 379 1181.0
2550 186 164.0
3955 209 761.0
5055 276 924.0
1835 110 -40.0
2695 144 336.0
1505 86 -26.0
3685 252 498.0
1845 85 85.0
1670 77 143.0
2765 180 540.0
2780 194 336.0
8070 521 2469.0
5440 293 1087.0
3860 228 542.0
2980 146 124.0
3320 177 503.0
6385 389 1171.0
1885 106 44.0
1500 98 -48.0
1400 86 -46.0
2400 140 250.0
3195 189 501.0
7065 428 2362.0
6730 401 849.0
7815 509 2281.0
2910 135 515.0
7095 431 2359.0
4090 230 790.0
3270 201 489.0
2900 170 330.0
1330 74 -44.0
2165 147 103.0
3010 195 445.0
4660 258 802.0
8790 649 2341.0
5145 269 901.0
2185 114 166.0
1090 65 -155.0
5795 338 1102.0
5860 374 1056.0
3675 229 551.0
3835 198 712.0
5715 422 938.0
7695 640 780.0
6750 489 1141.0
6270 333 1147.0
930 75 -205.0
5030 275 825.0
4855 278 842.0
5485 273 1147.0
3140 188 392.0
5500 334 866.0
7905 493 2297.0
6495 373 1587.0
7560 465 2325.0
1205 54 -84.0
6665 421 1319.0
1755 91 -21.0
4380 298 882.0
1920 95 95.0
2075 99 231.0
2655 138 372.0
6280 419 1201.0
2315 96 204.0
4795 273 827.0
4110 193 797.0
3970 250 570.0
3445 206 584.0
5440 280 930.0
4265 234 896.0
1120 69 -129.0
1510 90 -120.0
8925 633 2157.0
5620 335 1135.0
2470 115 305.0
2760 162 228.0
1705 77 -17.0
3805 182 778.0
1360 75 -55.0
1345 73 17.0
5875 368 1002.0
4995 284 1066.0
1145 69 -269.0
4640 279 761.0
4295 258 782.0
6345 428 1222.0
5465 384 776.0
1865 90 100.0
2725 150 400.0
4560 257 763.0
7700 519 1361.0
7015 445 1015.0
2560 149 281.0
2560 156 244.0
1490 69 -59.0
1320 81 -211.0
7530 509 2281.0
2345 137 193.0
1460 93 -83.0
2760 124 506.0
7250 570 1150.0
3565 174 586.0
6905 515 1055.0
3350 190 450.0
2670 179 261.0
2450 131 279.0
1535 70 -30.0
1355 71 -61.0
4330 194 926.0
1995 119 -69.0
3145 182 488.0
2555 122 348.0
5595 333 977.0
4220 321 769.0
1520 90 -80.0
1890 93 127.0
5080 335 955.0
6675 373 1557.0
2810 131 339.0
1165 65 -105.0
1285 66 -196.0
2790 148 332.0
1795 122 -2.0
8445 651 2139.0
6515 382 1208.0
4120 248 662.0
2870 145 345.0
1245 68 -138.0
3370 240 400.0
5430 298 1202.0
1510 90 -60.0
2180 119 41.0
7515 567 2223.0
6055 413 1077.0
6890 506 1214.0
4675 261 679.0
2060 121 99.0
1320 73 -53.0
3470 197 393.0
6155 383 1207.0
2825 152 378.0
2855 128 412.0
5770 362 698.0
6765 401 2389.0
1520 70 20.0
1265 59 -89.0
8265 526 2264.0
5385 312 1238.0
4045 276 514.0
6055 372 1058.0
2690 187 223.0
2505 130 340.0
6130 365 1095.0
1430 65 25.0
8220 567 2423.0
5740 331 1189.0
2765 158 332.0
2980 154 446.0
7085 425 1355.0
5335 339 991.0
6810 423 2367.0
1135 66 -156.0
4090 201 1039.0
2370 145 305.0
2570 123 397.0
2790 167 273.0
6485 423 1197.0
7770 503 2287.0
2475 113 267.0
4260 240 570.0
5240 285 665.0
1420 61 19.0
3555 165 595.0
3005 167 413.0
7530 485 2505.0
4620 264 366.0
2780 177 353.0
6840 393 2397.0
2420 125 275.0
4880 266 984.0
3545 206 664.0
3700 183 597.0
3410 207 413.0
1985 120 100.0
2490 136 304.0
6085 337 1123.0
4635 266 934.0
565 27 -307.0
2320 125 335.0
2210 114 236.0
2905 137 533.0
5490 283 1177.0
5795 347 1283.0
6620 442 1308.0
2740 147 273.0
4255 320 470.0
4170 237 333.0
3730 226 594.0
3025 165 255.0
2650 151 309.0
4170 223 707.0
1250 77 -97.0
2980 167 503.0
8055 571 2219.0
2845 126 544.0
8610 744 2046.0
5135 280 1120.0
1575 86 -156.0
5155 267 1233.0
930 48 -188.0
1780 80 190.0
5495 325 1235.0
3170 192 428.0
1455 70 0.0
7310 545 1135.0
5430 415 795.0
6935 432 1158.0
2545 162 268.0
1715 87 103.0
3530 145 735.0
1590 75 -25.0
7230 501 2289.0
7670 522 1258.0
5950 385 1145.0
3665 184 646.0
6130 395 1365.0
4240 259 691.0
4110 213 657.0
5830 329 1101.0
3995 187 403.0
3985 256 594.0
5740 328 882.0
640 28 -338.0
3465 194 586.0
1855 86 184.0
4660 273 977.0
6945 490 1150.0
2355 114 176.0
6335 367 1043.0
4850 260 880.0
2245 116 414.0
850 54 -304.0
380 19 -349.0
6190 410 1210.0
2400 164 216.0
1060 46 -116.0
8280 519 2271.0
7485 454 2336.0
6165 367 1103.0
2565 134 316.0
4895 273 907.0
2595 156 314.0
2875 157 323.0
7200 435 2355.0
7445 507 1243.0
2260 100 260.0
3625 220 570.0
1110 54 -104.0
6370 355 1135.0
5600 382 978.0
5605 301 1009.0
2405 142 328.0
1685 81 99.0
7170 453 2337.0
1230 61 -81.0
3215 175 445.0
2240 102 228.0
460 22 -302.0
400 20 -330.0
3720 214 766.0
4380 219 891.0
4410 268 1032.0
4760 275 1095.0
4690 262 678.0
480 21 -311.0
8070 496 1134.0
1425 69 -49.0
4560 278 562.0
5125 323 1067.0
2795 164 206.0
4925 278 852.0
5520 346 1044.0
1700 78 -38.0
4475 267 863.0
1275 68 -138.0
2270 163 187.0
3510 241 459.0
8085 480 2310.0
1710 117 53.0
3475 180 570.0
3340 278 392.0
1220 67 -147.0
3605 178 472.0
3450 189 471.0
1900 91 139.0
2345 157 183.0
1340 76 -36.0
2120 106 274.0
7720 493 1087.0
8070 550 2440.0
2735 179 281.0
1820 103 -3.0
1515 75 -25.0
3580 248 302.0
6420 383 2407.0
7355 437 1343.0
1920 132 -52.0
3800 202 788.0
6485 416 1094.0
2675 175 355.0
2715 169 221.0
4400 242 708.0
4960 262 1078.0
3100 182 428.0
1250 64 -84.0
1305 69 -49.0
3385 188 202.0
1335 64 -54.0
3060 150 500.0
1300 69 -69.0
7920 572 2218.0
7170 423 1207.0
4470 228 922.0
7455 445 2345.0
7605 495 2295.0
3965 287 853.0
7005 462 1178.0
4870 232 988.0
1915 84 156.0
6615 459 2331.0
4045 251 689.0
1870 94 176.0
2300 114 256.0
2870 176 374.0
2110 132 168.0
6405 407 2383.0
1775 85 95.0
2510 113 317.0
1755 72 88.0
5800 329 1131.0
3630 213 677.0
1445 78 -188.0
1170 49 -99.0
4695 244 956.0
5390 292 718.0
2905 155 415.0
3430 180 810.0
4995 261 729.0
3635 206 564.0
1250 63 -83.0
1280 81 -101.0
4770 344 586.0
2615 143 177.0
6035 366 1234.0
1985 109 -9.0
1465 61 -161.0
5625 319 1181.0
1600 67 13.0
6900 456 2534.0
6595 439 1531.0
2950 168 262.0
7365 490 2300.0
2215 130 180.0
6145 362 1198.0
605 26 -266.0
6490 383 1047.0
2010 94 -24.0
2265 108 112.0
2310 106 274.0
1145 51 -141.0
4510 239 1021.0
6455 367 1453.0
6905 374 1006.0
1325 57 -87.0
7350 403 2587.0
5470 332 1038.0
1590 68 -178.0
3490 189 541.0
4255 204 676.0
5745 321 1129.0
6930 464 2326.0
6240 376 1394.0
3485 259 411.0
1555 93 -153.0
1250 63 -83.0
6505 379 1361.0
2020 107 223.0
3335 234 356.0
5835 322 1318.0
2275 182 118.0
3270 190 500.0
2435 115 215.0
2055 113 157.0
3580 235 465.0
6410 398 1042.0
7605 640 2150.0
3090 167 343.0
3270 208 392.0
8370 493 2297.0
5420 335 615.0
8225 509 831.0
4895 254 976.0
3105 207 293.0
4925 248 762.0
8775 488 2302.0
4645 245 885.0
3025 178 402.0
