2.33344018413 7 7 14 11 18 4 22 9 20 0.380384005141 0.346499114044 0.271733947446 0.00138293336904 0.15285213392 0.351469833128 0.0791676564625 0.416510376489 0.86403470388 0.0141367364966 0.108777425473 0.0130511341508 0.0882719074684 0.280043034235 0.172829887777 0.458855170519 0.578182945458 0.125639472961 0.172306225803 0.123871355778 0.138397625015 0.225648377973 0.5713803259 0.0645736711116 0.468584023856 0.0747364182876 0.289775110177 0.166904447679 0.570159876416 0.0789162876028 0.264156604262 0.0867672317188 
2.33344018413 7 7 20 11 18 4 22 9 20 0.975230283343 0.00582623029574 0.00690372670401 0.0120397596568 0.15285213392 0.351469833128 0.0791676564625 0.416510376489 0.86403470388 0.0141367364966 0.108777425473 0.0130511341508 0.860731404074 0.0703418379154 0.0314094277018 0.0375173303088 0.578182945458 0.125639472961 0.172306225803 0.123871355778 0.805703218627 0.127010914642 0.0401225396438 0.0271633270869 0.803189750784 0.0564528526661 0.0392730006573 0.101084395892 0.173425609106 0.228464981438 0.162260499901 0.435848909555 
2.33344018413 7 7 14 11 18 4 22 9 20 0.380384005141 0.346499114044 0.271733947446 0.00138293336904 0.15285213392 0.351469833128 0.0791676564625 0.416510376489 0.86403470388 0.0141367364966 0.108777425473 0.0130511341508 0.0882719074684 0.280043034235 0.172829887777 0.458855170519 0.578182945458 0.125639472961 0.172306225803 0.123871355778 0.138397625015 0.225648377973 0.5713803259 0.0645736711116 0.468584023856 0.0747364182876 0.289775110177 0.166904447679 0.570159876416 0.0789162876028 0.264156604262 0.0867672317188 
2.33344018413 7 7 14 11 18 4 22 9 20 0.380384005141 0.346499114044 0.271733947446 0.00138293336904 0.15285213392 0.351469833128 0.0791676564625 0.416510376489 0.86403470388 0.0141367364966 0.108777425473 0.0130511341508 0.0882719074684 0.280043034235 0.172829887777 0.458855170519 0.578182945458 0.125639472961 0.172306225803 0.123871355778 0.138397625015 0.225648377973 0.5713803259 0.0645736711116 0.468584023856 0.0747364182876 0.289775110177 0.166904447679 0.570159876416 0.0789162876028 0.264156604262 0.0867672317188 
2.33344018413 7 7 14 11 18 4 22 9 20 0.380384005141 0.346499114044 0.271733947446 0.00138293336904 0.15285213392 0.351469833128 0.0791676564625 0.416510376489 0.86403470388 0.0141367364966 0.108777425473 0.0130511341508 0.0882719074684 0.280043034235 0.172829887777 0.458855170519 0.578182945458 0.125639472961 0.172306225803 0.123871355778 0.138397625015 0.225648377973 0.5713803259 0.0645736711116 0.468584023856 0.0747364182876 0.289775110177 0.166904447679 0.570159876416 0.0789162876028 0.264156604262 0.0867672317188 
2.33344018413 7 7 14 11 18 4 22 9 20 0.380384005141 0.346499114044 0.271733947446 0.00138293336904 0.15285213392 0.351469833128 0.0791676564625 0.416510376489 0.86403470388 0.0141367364966 0.108777425473 0.0130511341508 0.0882719074684 0.280043034235 0.172829887777 0.458855170519 0.578182945458 0.125639472961 0.172306225803 0.123871355778 0.138397625015 0.225648377973 0.5713803259 0.0645736711116 0.468584023856 0.0747364182876 0.289775110177 0.166904447679 0.570159876416 0.0789162876028 0.264156604262 0.0867672317188 
2.33344018413 7 7 14 11 18 4 22 9 20 0.380384005141 0.346499114044 0.271733947446 0.00138293336904 0.15285213392 0.351469833128 0.0791676564625 0.416510376489 0.86403470388 0.0141367364966 0.108777425473 0.0130511341508 0.0882719074684 0.280043034235 0.172829887777 0.458855170519 0.578182945458 0.125639472961 0.172306225803 0.123871355778 0.138397625015 0.225648377973 0.5713803259 0.0645736711116 0.468584023856 0.0747364182876 0.289775110177 0.166904447679 0.570159876416 0.0789162876028 0.264156604262 0.0867672317188 
2.33344018413 7 7 14 11 18 4 22 9 20 0.380384005141 0.346499114044 0.271733947446 0.00138293336904 0.15285213392 0.351469833128 0.0791676564625 0.416510376489 0.86403470388 0.0141367364966 0.108777425473 0.0130511341508 0.0882719074684 0.280043034235 0.172829887777 0.458855170519 0.578182945458 0.125639472961 0.172306225803 0.123871355778 0.138397625015 0.225648377973 0.5713803259 0.0645736711116 0.468584023856 0.0747364182876 0.289775110177 0.166904447679 0.570159876416 0.0789162876028 0.264156604262 0.0867672317188 
2.33344018413 7 7 14 11 18 4 22 9 20 0.380384005141 0.346499114044 0.271733947446 0.00138293336904 0.15285213392 0.351469833128 0.0791676564625 0.416510376489 0.86403470388 0.0141367364966 0.108777425473 0.0130511341508 0.0882719074684 0.280043034235 0.172829887777 0.458855170519 0.578182945458 0.125639472961 0.172306225803 0.123871355778 0.138397625015 0.225648377973 0.5713803259 0.0645736711116 0.468584023856 0.0747364182876 0.289775110177 0.166904447679 0.570159876416 0.0789162876028 0.264156604262 0.0867672317188 
2.33344018413 7 7 14 11 18 4 22 9 20 0.380384005141 0.346499114044 0.271733947446 0.00138293336904 0.15285213392 0.351469833128 0.0791676564625 0.416510376489 0.86403470388 0.0141367364966 0.108777425473 0.0130511341508 0.0882719074684 0.280043034235 0.172829887777 0.458855170519 0.578182945458 0.125639472961 0.172306225803 0.123871355778 0.138397625015 0.225648377973 0.5713803259 0.0645736711116 0.468584023856 0.0747364182876 0.289775110177 0.166904447679 0.570159876416 0.0789162876028 0.264156604262 0.0867672317188 
2.33344018413 7 7 14 11 18 4 22 9 20 0.380384005141 0.346499114044 0.271733947446 0.00138293336904 0.15285213392 0.351469833128 0.0791676564625 0.416510376489 0.86403470388 0.0141367364966 0.108777425473 0.0130511341508 0.0882719074684 0.280043034235 0.172829887777 0.458855170519 0.578182945458 0.125639472961 0.172306225803 0.123871355778 0.138397625015 0.225648377973 0.5713803259 0.0645736711116 0.468584023856 0.0747364182876 0.289775110177 0.166904447679 0.570159876416 0.0789162876028 0.264156604262 0.0867672317188 
2.33344018413 7 7 14 11 18 4 22 9 20 0.380384005141 0.346499114044 0.271733947446 0.00138293336904 0.15285213392 0.351469833128 0.0791676564625 0.416510376489 0.86403470388 0.0141367364966 0.108777425473 0.0130511341508 0.0882719074684 0.280043034235 0.172829887777 0.458855170519 0.578182945458 0.125639472961 0.172306225803 0.123871355778 0.138397625015 0.225648377973 0.5713803259 0.0645736711116 0.468584023856 0.0747364182876 0.289775110177 0.166904447679 0.570159876416 0.0789162876028 0.264156604262 0.0867672317188 
2.33344018413 7 7 14 11 18 4 22 9 20 0.380384005141 0.346499114044 0.271733947446 0.00138293336904 0.15285213392 0.351469833128 0.0791676564625 0.416510376489 0.86403470388 0.0141367364966 0.108777425473 0.0130511341508 0.0882719074684 0.280043034235 0.172829887777 0.458855170519 0.578182945458 0.125639472961 0.172306225803 0.123871355778 0.138397625015 0.225648377973 0.5713803259 0.0645736711116 0.468584023856 0.0747364182876 0.289775110177 0.166904447679 0.570159876416 0.0789162876028 0.264156604262 0.0867672317188 
2.33344018413 7 7 14 11 18 4 22 9 20 0.380384005141 0.346499114044 0.271733947446 0.00138293336904 0.15285213392 0.351469833128 0.0791676564625 0.416510376489 0.86403470388 0.0141367364966 0.108777425473 0.0130511341508 0.0882719074684 0.280043034235 0.172829887777 0.458855170519 0.578182945458 0.125639472961 0.172306225803 0.123871355778 0.138397625015 0.225648377973 0.5713803259 0.0645736711116 0.468584023856 0.0747364182876 0.289775110177 0.166904447679 0.570159876416 0.0789162876028 0.264156604262 0.0867672317188 
2.33344018413 7 7 14 11 18 4 22 9 20 0.380384005141 0.346499114044 0.271733947446 0.00138293336904 0.15285213392 0.351469833128 0.0791676564625 0.416510376489 0.86403470388 0.0141367364966 0.108777425473 0.0130511341508 0.0882719074684 0.280043034235 0.172829887777 0.458855170519 0.578182945458 0.125639472961 0.172306225803 0.123871355778 0.138397625015 0.225648377973 0.5713803259 0.0645736711116 0.468584023856 0.0747364182876 0.289775110177 0.166904447679 0.570159876416 0.0789162876028 0.264156604262 0.0867672317188 
2.33344018413 7 7 14 11 18 4 22 9 20 0.380384005141 0.346499114044 0.271733947446 0.00138293336904 0.15285213392 0.351469833128 0.0791676564625 0.416510376489 0.86403470388 0.0141367364966 0.108777425473 0.0130511341508 0.0882719074684 0.280043034235 0.172829887777 0.458855170519 0.578182945458 0.125639472961 0.172306225803 0.123871355778 0.138397625015 0.225648377973 0.5713803259 0.0645736711116 0.468584023856 0.0747364182876 0.289775110177 0.166904447679 0.570159876416 0.0789162876028 0.264156604262 0.0867672317188 
2.33344018413 7 7 14 11 18 4 22 9 20 0.380384005141 0.346499114044 0.271733947446 0.00138293336904 0.15285213392 0.351469833128 0.0791676564625 0.416510376489 0.86403470388 0.0141367364966 0.108777425473 0.0130511341508 0.0882719074684 0.280043034235 0.172829887777 0.458855170519 0.578182945458 0.125639472961 0.172306225803 0.123871355778 0.138397625015 0.225648377973 0.5713803259 0.0645736711116 0.468584023856 0.0747364182876 0.289775110177 0.166904447679 0.570159876416 0.0789162876028 0.264156604262 0.0867672317188 
2.33344018413 7 7 14 11 18 4 22 9 20 0.380384005141 0.346499114044 0.271733947446 0.00138293336904 0.15285213392 0.351469833128 0.0791676564625 0.416510376489 0.86403470388 0.0141367364966 0.108777425473 0.0130511341508 0.0882719074684 0.280043034235 0.172829887777 0.458855170519 0.578182945458 0.125639472961 0.172306225803 0.123871355778 0.138397625015 0.225648377973 0.5713803259 0.0645736711116 0.468584023856 0.0747364182876 0.289775110177 0.166904447679 0.570159876416 0.0789162876028 0.264156604262 0.0867672317188 
2.33344018413 7 7 14 11 18 4 22 9 20 0.380384005141 0.346499114044 0.271733947446 0.00138293336904 0.15285213392 0.351469833128 0.0791676564625 0.416510376489 0.86403470388 0.0141367364966 0.108777425473 0.0130511341508 0.0882719074684 0.280043034235 0.172829887777 0.458855170519 0.578182945458 0.125639472961 0.172306225803 0.123871355778 0.138397625015 0.225648377973 0.5713803259 0.0645736711116 0.468584023856 0.0747364182876 0.289775110177 0.166904447679 0.570159876416 0.0789162876028 0.264156604262 0.0867672317188 
2.33344018413 7 7 14 11 18 4 22 9 20 0.380384005141 0.346499114044 0.271733947446 0.00138293336904 0.15285213392 0.351469833128 0.0791676564625 0.416510376489 0.86403470388 0.0141367364966 0.108777425473 0.0130511341508 0.0882719074684 0.280043034235 0.172829887777 0.458855170519 0.578182945458 0.125639472961 0.172306225803 0.123871355778 0.138397625015 0.225648377973 0.5713803259 0.0645736711116 0.468584023856 0.0747364182876 0.289775110177 0.166904447679 0.570159876416 0.0789162876028 0.264156604262 0.0867672317188 
2.33344018413 7 7 14 11 18 4 22 9 20 0.380384005141 0.346499114044 0.271733947446 0.00138293336904 0.15285213392 0.351469833128 0.0791676564625 0.416510376489 0.86403470388 0.0141367364966 0.108777425473 0.0130511341508 0.0882719074684 0.280043034235 0.172829887777 0.458855170519 0.578182945458 0.125639472961 0.172306225803 0.123871355778 0.138397625015 0.225648377973 0.5713803259 0.0645736711116 0.468584023856 0.0747364182876 0.289775110177 0.166904447679 0.570159876416 0.0789162876028 0.264156604262 0.0867672317188 
2.33344018413 7 7 14 11 18 4 22 9 20 0.380384005141 0.346499114044 0.271733947446 0.00138293336904 0.15285213392 0.351469833128 0.0791676564625 0.416510376489 0.86403470388 0.0141367364966 0.108777425473 0.0130511341508 0.0882719074684 0.280043034235 0.172829887777 0.458855170519 0.578182945458 0.125639472961 0.172306225803 0.123871355778 0.138397625015 0.225648377973 0.5713803259 0.0645736711116 0.468584023856 0.0747364182876 0.289775110177 0.166904447679 0.570159876416 0.0789162876028 0.264156604262 0.0867672317188 
2.33344018413 7 7 14 11 18 4 22 9 20 0.380384005141 0.346499114044 0.271733947446 0.00138293336904 0.15285213392 0.351469833128 0.0791676564625 0.416510376489 0.86403470388 0.0141367364966 0.108777425473 0.0130511341508 0.0882719074684 0.280043034235 0.172829887777 0.458855170519 0.578182945458 0.125639472961 0.172306225803 0.123871355778 0.138397625015 0.225648377973 0.5713803259 0.0645736711116 0.468584023856 0.0747364182876 0.289775110177 0.166904447679 0.570159876416 0.0789162876028 0.264156604262 0.0867672317188 
2.33344018413 7 7 14 11 18 4 22 9 20 0.380384005141 0.346499114044 0.271733947446 0.00138293336904 0.15285213392 0.351469833128 0.0791676564625 0.416510376489 0.86403470388 0.0141367364966 0.108777425473 0.0130511341508 0.0882719074684 0.280043034235 0.172829887777 0.458855170519 0.578182945458 0.125639472961 0.172306225803 0.123871355778 0.138397625015 0.225648377973 0.5713803259 0.0645736711116 0.468584023856 0.0747364182876 0.289775110177 0.166904447679 0.570159876416 0.0789162876028 0.264156604262 0.0867672317188 
2.33344018413 7 7 14 11 18 4 22 9 20 0.380384005141 0.346499114044 0.271733947446 0.00138293336904 0.15285213392 0.351469833128 0.0791676564625 0.416510376489 0.86403470388 0.0141367364966 0.108777425473 0.0130511341508 0.0882719074684 0.280043034235 0.172829887777 0.458855170519 0.578182945458 0.125639472961 0.172306225803 0.123871355778 0.138397625015 0.225648377973 0.5713803259 0.0645736711116 0.468584023856 0.0747364182876 0.289775110177 0.166904447679 0.570159876416 0.0789162876028 0.264156604262 0.0867672317188 
2.33344018413 7 7 14 11 18 4 22 9 20 0.380384005141 0.346499114044 0.271733947446 0.00138293336904 0.15285213392 0.351469833128 0.0791676564625 0.416510376489 0.86403470388 0.0141367364966 0.108777425473 0.0130511341508 0.0882719074684 0.280043034235 0.172829887777 0.458855170519 0.578182945458 0.125639472961 0.172306225803 0.123871355778 0.138397625015 0.225648377973 0.5713803259 0.0645736711116 0.468584023856 0.0747364182876 0.289775110177 0.166904447679 0.570159876416 0.0789162876028 0.264156604262 0.0867672317188 
2.33344018413 7 7 14 11 18 4 22 9 20 0.380384005141 0.346499114044 0.271733947446 0.00138293336904 0.15285213392 0.351469833128 0.0791676564625 0.416510376489 0.86403470388 0.0141367364966 0.108777425473 0.0130511341508 0.0882719074684 0.280043034235 0.172829887777 0.458855170519 0.578182945458 0.125639472961 0.172306225803 0.123871355778 0.138397625015 0.225648377973 0.5713803259 0.0645736711116 0.468584023856 0.0747364182876 0.289775110177 0.166904447679 0.570159876416 0.0789162876028 0.264156604262 0.0867672317188 
0.0923552734608 15 7 3 12 20 2 22 9 20 0.380384005141 0.346499114044 0.271733947446 0.00138293336904 0.753260347068 0.192644062876 0.0516898675414 0.00240572251453 0.691512702925 0.0765264498457 0.200516209506 0.0314446377227 0.605298213802 0.0429551681502 0.285755145679 0.0659914723696 0.578182945458 0.125639472961 0.172306225803 0.123871355778 0.138397625015 0.225648377973 0.5713803259 0.0645736711116 0.468584023856 0.0747364182876 0.289775110177 0.166904447679 0.990238182469 0.000471635421559 0.00160127486906 0.00768890724073 
2.33344018413 7 7 14 11 18 4 22 9 20 0.380384005141 0.346499114044 0.271733947446 0.00138293336904 0.15285213392 0.351469833128 0.0791676564625 0.416510376489 0.86403470388 0.0141367364966 0.108777425473 0.0130511341508 0.0882719074684 0.280043034235 0.172829887777 0.458855170519 0.578182945458 0.125639472961 0.172306225803 0.123871355778 0.138397625015 0.225648377973 0.5713803259 0.0645736711116 0.468584023856 0.0747364182876 0.289775110177 0.166904447679 0.570159876416 0.0789162876028 0.264156604262 0.0867672317188 
2.33344018413 7 7 14 11 18 4 22 9 20 0.380384005141 0.346499114044 0.271733947446 0.00138293336904 0.15285213392 0.351469833128 0.0791676564625 0.416510376489 0.86403470388 0.0141367364966 0.108777425473 0.0130511341508 0.0882719074684 0.280043034235 0.172829887777 0.458855170519 0.578182945458 0.125639472961 0.172306225803 0.123871355778 0.138397625015 0.225648377973 0.5713803259 0.0645736711116 0.468584023856 0.0747364182876 0.289775110177 0.166904447679 0.570159876416 0.0789162876028 0.264156604262 0.0867672317188 
2.33344018413 7 7 14 11 18 4 22 9 20 0.380384005141 0.346499114044 0.271733947446 0.00138293336904 0.15285213392 0.351469833128 0.0791676564625 0.416510376489 0.86403470388 0.0141367364966 0.108777425473 0.0130511341508 0.0882719074684 0.280043034235 0.172829887777 0.458855170519 0.578182945458 0.125639472961 0.172306225803 0.123871355778 0.138397625015 0.225648377973 0.5713803259 0.0645736711116 0.468584023856 0.0747364182876 0.289775110177 0.166904447679 0.570159876416 0.0789162876028 0.264156604262 0.0867672317188 
2.33344018413 7 7 14 11 18 4 22 9 20 0.380384005141 0.346499114044 0.271733947446 0.00138293336904 0.15285213392 0.351469833128 0.0791676564625 0.416510376489 0.86403470388 0.0141367364966 0.108777425473 0.0130511341508 0.0882719074684 0.280043034235 0.172829887777 0.458855170519 0.578182945458 0.125639472961 0.172306225803 0.123871355778 0.138397625015 0.225648377973 0.5713803259 0.0645736711116 0.468584023856 0.0747364182876 0.289775110177 0.166904447679 0.570159876416 0.0789162876028 0.264156604262 0.0867672317188 
2.33344018413 7 7 14 11 18 4 22 9 20 0.380384005141 0.346499114044 0.271733947446 0.00138293336904 0.15285213392 0.351469833128 0.0791676564625 0.416510376489 0.86403470388 0.0141367364966 0.108777425473 0.0130511341508 0.0882719074684 0.280043034235 0.172829887777 0.458855170519 0.578182945458 0.125639472961 0.172306225803 0.123871355778 0.138397625015 0.225648377973 0.5713803259 0.0645736711116 0.468584023856 0.0747364182876 0.289775110177 0.166904447679 0.570159876416 0.0789162876028 0.264156604262 0.0867672317188 
2.33344018413 7 7 14 11 18 4 22 9 20 0.380384005141 0.346499114044 0.271733947446 0.00138293336904 0.15285213392 0.351469833128 0.0791676564625 0.416510376489 0.86403470388 0.0141367364966 0.108777425473 0.0130511341508 0.0882719074684 0.280043034235 0.172829887777 0.458855170519 0.578182945458 0.125639472961 0.172306225803 0.123871355778 0.138397625015 0.225648377973 0.5713803259 0.0645736711116 0.468584023856 0.0747364182876 0.289775110177 0.166904447679 0.570159876416 0.0789162876028 0.264156604262 0.0867672317188 
2.16090818097 7 8 14 11 18 9 22 9 20 0.45217968932 0.0215226643797 0.012145370482 0.514152275819 0.15285213392 0.351469833128 0.0791676564625 0.416510376489 0.461710877633 0.399199324967 0.130991099232 0.00809869816787 0.315968469668 0.471943262131 0.19686809504 0.0152201731609 0.753530184271 0.0934588309384 0.0139614836582 0.139049501133 0.677385248983 0.291303297803 0.0143682800408 0.0169431731734 0.468584023856 0.0747364182876 0.289775110177 0.166904447679 0.0221507057861 0.972005497239 0.00549153766167 0.000352259313265 
2.33344018413 7 7 14 11 18 4 22 9 20 0.380384005141 0.346499114044 0.271733947446 0.00138293336904 0.15285213392 0.351469833128 0.0791676564625 0.416510376489 0.86403470388 0.0141367364966 0.108777425473 0.0130511341508 0.0882719074684 0.280043034235 0.172829887777 0.458855170519 0.578182945458 0.125639472961 0.172306225803 0.123871355778 0.138397625015 0.225648377973 0.5713803259 0.0645736711116 0.468584023856 0.0747364182876 0.289775110177 0.166904447679 0.570159876416 0.0789162876028 0.264156604262 0.0867672317188 
2.33344018413 7 7 14 11 18 4 22 9 20 0.380384005141 0.346499114044 0.271733947446 0.00138293336904 0.15285213392 0.351469833128 0.0791676564625 0.416510376489 0.86403470388 0.0141367364966 0.108777425473 0.0130511341508 0.0882719074684 0.280043034235 0.172829887777 0.458855170519 0.578182945458 0.125639472961 0.172306225803 0.123871355778 0.138397625015 0.225648377973 0.5713803259 0.0645736711116 0.468584023856 0.0747364182876 0.289775110177 0.166904447679 0.570159876416 0.0789162876028 0.264156604262 0.0867672317188 
2.33344018413 7 7 14 11 18 4 22 9 20 0.380384005141 0.346499114044 0.271733947446 0.00138293336904 0.15285213392 0.351469833128 0.0791676564625 0.416510376489 0.86403470388 0.0141367364966 0.108777425473 0.0130511341508 0.0882719074684 0.280043034235 0.172829887777 0.458855170519 0.578182945458 0.125639472961 0.172306225803 0.123871355778 0.138397625015 0.225648377973 0.5713803259 0.0645736711116 0.468584023856 0.0747364182876 0.289775110177 0.166904447679 0.570159876416 0.0789162876028 0.264156604262 0.0867672317188 
2.33344018413 7 7 7 11 7 23 22 9 20 0.380384005141 0.346499114044 0.271733947446 0.00138293336904 0.15285213392 0.351469833128 0.0791676564625 0.416510376489 0.0331162455102 0.730707564438 0.0737914255023 0.16238476455 0.0882719074684 0.280043034235 0.172829887777 0.458855170519 0.521500590424 0.286174425104 0.100054532744 0.0922704517285 0.138397625015 0.225648377973 0.5713803259 0.0645736711116 0.468584023856 0.0747364182876 0.289775110177 0.166904447679 0.28401133762 0.210754931284 0.0975010431703 0.407732687926 
2.33344018413 7 7 14 11 18 4 22 9 20 0.380384005141 0.346499114044 0.271733947446 0.00138293336904 0.15285213392 0.351469833128 0.0791676564625 0.416510376489 0.86403470388 0.0141367364966 0.108777425473 0.0130511341508 0.0882719074684 0.280043034235 0.172829887777 0.458855170519 0.578182945458 0.125639472961 0.172306225803 0.123871355778 0.138397625015 0.225648377973 0.5713803259 0.0645736711116 0.468584023856 0.0747364182876 0.289775110177 0.166904447679 0.570159876416 0.0789162876028 0.264156604262 0.0867672317188 
2.33344018413 7 7 14 11 18 4 22 9 20 0.380384005141 0.346499114044 0.271733947446 0.00138293336904 0.15285213392 0.351469833128 0.0791676564625 0.416510376489 0.86403470388 0.0141367364966 0.108777425473 0.0130511341508 0.0882719074684 0.280043034235 0.172829887777 0.458855170519 0.578182945458 0.125639472961 0.172306225803 0.123871355778 0.138397625015 0.225648377973 0.5713803259 0.0645736711116 0.468584023856 0.0747364182876 0.289775110177 0.166904447679 0.570159876416 0.0789162876028 0.264156604262 0.0867672317188 
2.33344018413 7 7 14 11 18 4 22 9 20 0.380384005141 0.346499114044 0.271733947446 0.00138293336904 0.15285213392 0.351469833128 0.0791676564625 0.416510376489 0.86403470388 0.0141367364966 0.108777425473 0.0130511341508 0.0882719074684 0.280043034235 0.172829887777 0.458855170519 0.578182945458 0.125639472961 0.172306225803 0.123871355778 0.138397625015 0.225648377973 0.5713803259 0.0645736711116 0.468584023856 0.0747364182876 0.289775110177 0.166904447679 0.570159876416 0.0789162876028 0.264156604262 0.0867672317188 
2.33344018413 7 7 14 11 18 4 22 9 20 0.380384005141 0.346499114044 0.271733947446 0.00138293336904 0.15285213392 0.351469833128 0.0791676564625 0.416510376489 0.86403470388 0.0141367364966 0.108777425473 0.0130511341508 0.0882719074684 0.280043034235 0.172829887777 0.458855170519 0.578182945458 0.125639472961 0.172306225803 0.123871355778 0.138397625015 0.225648377973 0.5713803259 0.0645736711116 0.468584023856 0.0747364182876 0.289775110177 0.166904447679 0.570159876416 0.0789162876028 0.264156604262 0.0867672317188 
2.33344018413 7 7 14 11 18 4 22 9 20 0.380384005141 0.346499114044 0.271733947446 0.00138293336904 0.15285213392 0.351469833128 0.0791676564625 0.416510376489 0.86403470388 0.0141367364966 0.108777425473 0.0130511341508 0.0882719074684 0.280043034235 0.172829887777 0.458855170519 0.578182945458 0.125639472961 0.172306225803 0.123871355778 0.138397625015 0.225648377973 0.5713803259 0.0645736711116 0.468584023856 0.0747364182876 0.289775110177 0.166904447679 0.570159876416 0.0789162876028 0.264156604262 0.0867672317188 
2.33344018413 7 7 14 11 18 4 22 9 20 0.380384005141 0.346499114044 0.271733947446 0.00138293336904 0.15285213392 0.351469833128 0.0791676564625 0.416510376489 0.86403470388 0.0141367364966 0.108777425473 0.0130511341508 0.0882719074684 0.280043034235 0.172829887777 0.458855170519 0.578182945458 0.125639472961 0.172306225803 0.123871355778 0.138397625015 0.225648377973 0.5713803259 0.0645736711116 0.468584023856 0.0747364182876 0.289775110177 0.166904447679 0.570159876416 0.0789162876028 0.264156604262 0.0867672317188 
2.33344018413 7 7 14 11 18 4 22 9 20 0.380384005141 0.346499114044 0.271733947446 0.00138293336904 0.15285213392 0.351469833128 0.0791676564625 0.416510376489 0.86403470388 0.0141367364966 0.108777425473 0.0130511341508 0.0882719074684 0.280043034235 0.172829887777 0.458855170519 0.578182945458 0.125639472961 0.172306225803 0.123871355778 0.138397625015 0.225648377973 0.5713803259 0.0645736711116 0.468584023856 0.0747364182876 0.289775110177 0.166904447679 0.570159876416 0.0789162876028 0.264156604262 0.0867672317188 
2.33344018413 7 7 14 11 18 4 22 9 20 0.380384005141 0.346499114044 0.271733947446 0.00138293336904 0.15285213392 0.351469833128 0.0791676564625 0.416510376489 0.86403470388 0.0141367364966 0.108777425473 0.0130511341508 0.0882719074684 0.280043034235 0.172829887777 0.458855170519 0.578182945458 0.125639472961 0.172306225803 0.123871355778 0.138397625015 0.225648377973 0.5713803259 0.0645736711116 0.468584023856 0.0747364182876 0.289775110177 0.166904447679 0.570159876416 0.0789162876028 0.264156604262 0.0867672317188 
2.33344018413 7 7 14 11 18 4 22 9 20 0.380384005141 0.346499114044 0.271733947446 0.00138293336904 0.15285213392 0.351469833128 0.0791676564625 0.416510376489 0.86403470388 0.0141367364966 0.108777425473 0.0130511341508 0.0882719074684 0.280043034235 0.172829887777 0.458855170519 0.578182945458 0.125639472961 0.172306225803 0.123871355778 0.138397625015 0.225648377973 0.5713803259 0.0645736711116 0.468584023856 0.0747364182876 0.289775110177 0.166904447679 0.570159876416 0.0789162876028 0.264156604262 0.0867672317188 
2.33344018413 7 7 14 11 18 4 22 9 20 0.380384005141 0.346499114044 0.271733947446 0.00138293336904 0.15285213392 0.351469833128 0.0791676564625 0.416510376489 0.86403470388 0.0141367364966 0.108777425473 0.0130511341508 0.0882719074684 0.280043034235 0.172829887777 0.458855170519 0.578182945458 0.125639472961 0.172306225803 0.123871355778 0.138397625015 0.225648377973 0.5713803259 0.0645736711116 0.468584023856 0.0747364182876 0.289775110177 0.166904447679 0.570159876416 0.0789162876028 0.264156604262 0.0867672317188 
2.33344018413 7 7 14 11 18 4 22 9 20 0.380384005141 0.346499114044 0.271733947446 0.00138293336904 0.15285213392 0.351469833128 0.0791676564625 0.416510376489 0.86403470388 0.0141367364966 0.108777425473 0.0130511341508 0.0882719074684 0.280043034235 0.172829887777 0.458855170519 0.578182945458 0.125639472961 0.172306225803 0.123871355778 0.138397625015 0.225648377973 0.5713803259 0.0645736711116 0.468584023856 0.0747364182876 0.289775110177 0.166904447679 0.570159876416 0.0789162876028 0.264156604262 0.0867672317188 
